7223 7232
7398 7401
3478 3674
6130 6177
20548 23539
9867 9892
6812 6816
9863 9888
24391 24448
22328 22492
273 2479
3122 3134
9854 9879
3101 3121
6523 6535
7158 7407
6524 6536
24397 24451
3099 3119
3476 3672
24411 24458
6562 6726
5732 6060
5575 5612
20395 23537
5500 12950
9848 9873
13652 20848
11061 11064
9853 9878
5503 12953
8928 9002
24422 24506
9665 9701
8925 8999
3475 3671
24420 24502
6962 6968
9852 9877
7400 7403
24389 24447
6525 6537
9851 9876
6128 6175
9418 11275
11929 11946
5498 12948
5374 12945
5371 12942
24407 24456
2997 3048
5003 5007
5501 12951
9003 9014
3095 3115
20394 23536
9859 9884
3479 3675
10146 10160
6809 6813
24417 24498
600 11655
8926 9000
5502 12952
9419 11276
7159 7161
5497 12947
3100 3120
22324 22483
5574 5611
11933 11950
6667 6723
9849 9874
10828 10843
24395 24450
3474 3670
2166 9587
1724 3852
8927 9001
9865 9890
6527 6539
5499 12949
9735 9738
9860 9885
2165 9586
5372 12943
6528 6540
5935 6124
20393 23535
9864 9889
6526 6538
5373 12944
24421 24504
9861 9886
9858 9883
9843 9868
9866 9891
7222 7231
24399 24452
24393 24449
8924 8998
20390 23531
6563 6727
3054 3056
5075 20783
24403 24454
9845 9870
24401 24453
7224 7233
5001 5005
2025 9565
9862 9887
3473 3669
20550 23541
10148 10162
20396 23538
11932 11949
5496 12946
3096 3116
3477 3673
11928 11945
7230 7235
6332 8836
3098 3118
20547 23532
3472 3668
9856 9881
7399 7402
3053 3055
20549 23540
3480 3676
24405 24455
24387 24446
24419 24500
7225 7234
5002 5006
9844 9869
24413 24459
11931 11948
6129 6176
10147 10161
272 2478
3485 3677
2164 9585
10149 10163
9855 9880
24409 24457
5370 12941
9857 9882
9004 9015
20551 23542
9847 9872
9850 9875
9846 9871
4600 4612
5576 5613
22326 22488
2202 9588
3097 3117
22327 22490
11930 11947