20083
13590
6398
12261
893
13670
2558
5653
7398
21829
22151
13259
20128
10564
2671
3844
3173
11758
10558
24344
23845
6920
20576
6231
24234
20421
3757
3797
11858
21826
24305
6595
1664
7342
12000
23309
13581
24137
20789
1097
21031
7360
4994
22653
23603
20418
12271
21134
11853
13560
2615
6235
22165
10582
20122
21198
3478
4087
20403
23892
10428
13589
20240
22257
12283
4788
3174
7461
13344
10412
10065
24721
12369
11092
23899
24168
8690
7003
22311
4385
20187
12958
9304
1371
11860
22557
20727
21117
2866
1305
6130
4582
1395
23630
24533
2930
25084
10458
24424
5650
13669
24792
4111
9909
1797
2462
638
11964
20567
9640
9057
19535
10318
12412
24340
24666
24832
19991
1101
25110
1731
5629
3861
1391
4906
20193
7595
287
25133
19930
24171
20232
24133
21166
10499
10470
10557
11840
10324
2493
13637
20056
9813
19643
11889
24760
12486
24800
9059
24018
4916
24223
22622
24863
13610
11775
6599
4099
11919
25071
24668
9729
648
5714
19988
8847
6922
4911
25169
3842
24211
23378
812
13380
20119
8970
23901
9629
13143
9336
13100
2643
22139
74
23886
21539
5736
1171
1185
6859
12223
774
11673
22701
22743
23099
6379
23609
24391
9299
7443
13582
20424
25223
24009
1405
20113
12484
8840
20416
11412
8716
1009
24664
20425
6125
1796
7451
4751
891
22325
13376
4949
6544
22353
13078
2978
13126
1040
13081
4355
1694
5529
10822
6887
22328
20407
6605
23648
20196
9054
9293
9176
11130
20583
11826
1147
1211
21090
2651
13109
22309
12207
24820
430
25176
6261
3202
4166
25013
12233
6752
25268
23363
23282
834
3122
11865
9013
12387
21924
24338
7170
3196
2982
20172
24249
25232
13628
20785
1660
7051
6707
11227
3058
9923
9790
6349
12193
7445
23291
6339
11111
21791
21736
13144
11118
12829
11982
22244
21849
13261
21132
6886
12767
12768
2983
19941
1716
10132
13141
13101
4037
22616
882
22392
1409
13611
25228
23101
23375
11233
5537
11074
11103
11138
11875
5618
4883
8995
9092
24182
12253
10402
7122
22133
1205
8682
22613
21205
16892
12855
13591
5064
3767
9340
8660
10081
1580
13620
19912
12887
11784
25235
20217
19949
2906
5648
19538
13586
4584
5712
8872
3101
11854
25108
24865
22340
4965
9298
23900
20586
23820
6779
9812
6523
13638
887
23636
25225
21430
11709
12817
23981
24174
25214
6369
6384
24323
8750
4726
3093
6617
20568
23209
9306
11862
20559
22310
13619
23640
7158
8702
13108
1327
13135
21143
86
2647
13110
10346
11806
6524
9706
8736
24755
1506
24378
2556
21957
3857
11893
830
12765
23249
12598
12205
13284
12821
23991
9139
20417
25215
11763
4947
20152
24374
21429
5617
24678
23463
11753
13115
4363
4103
11779
9091
24697
3695
806
2595
22228
9341
9335
6575
1231
24397
23279
12209
20790
23056
9950
11834
23823
13121
25219
2669
13318
12449
2667
8734
10071
10424
888
11761
851
8674
4918
12474
814
23191
9245
3099
3140
5024
9924
859
12379
19687
13642
5734
1341
1353
22400
22542
11381
19915
11749
9470
6629
7138
3476
5062
7454
552
2587
6858
9644
1722
23973
3840
1643
10410
12343
2412
10547
12359
9806
11759
10308
23848
20190
5556
23483
24411
22348
4898
835
4353
8993
13605
11107
6068
8474
5646
3176
11856
4224
24158
12437
23613
1052
22347
7334
1121
662
4170
9145
12397
5527
24015
777
6562
7370
21304
8876
20008
11899
4306
10372
2932
9922
24826
5575
21853
23486
6412
9302
9753
23481
11900
3333
9766
10358
11230
13557
24291
1845
21928
4234
4231
23785
21018
4217
20842
12351
21175
23787
6067
24520
12603
5052
9764
9749
9243
9083
6818
22975
20736
11022
4093
7645
713
6347
8754
4917
11892
9102
22003
13142
23975
7537
8668
7134
8714
6353
1065
25260
8678
11766
8772
21206
8658
20775
1949
6219
19544
25179
5531
3863
1011
12247
9702
9769
4982
8768
23410
773
20246
4337
9776
25019
5718
1333
24034
4369
8997
21967
25208
6885
24040
12385
884
1639
4720
6233
8466
6107
6257
25269
1207
4875
19955
12227
1291
4978
20580
23894
10396
12462
11869
11235
21163
20181
23206
12466
6655
4504
11671
9774
6894
1187
24127
24185
21157
11019
4381
12299
23943
7668
4505
6863
13393
3691
9098
6625
1075
13632
4107
22308
11409
20788
2649
4153
11830
23821
7639
4069
10312
5633
21138
24232
9177
3061
6357
2890
652
22344
19970
21114
1219
4097
12391
23925
24794
20428
1309
11088
4219
13538
865
10567
23842
13089
21066
805
10033
20760
20208
23464
1169
9796
8915
2564
10941
13598
13075
22723
12845
2589
6065
11400
2476
23059
6324
12480
88
16889
8762
23854
1337
7642
9676
4089
11757
13652
11195
1157
21024
2896
6187
5557
6613
12013
24233
878
20020
11959
6762
9096
13588
6897
1401
11061
21436
4942
25250
4931
11101
10432
23903
11667
6269
9674
6249
13576
7460
2416
7336
4599
4930
12600
4988
7390
1115
8494
9791
9805
4158
24166
10342
1381
1217
11802
646
3765
9058
7439
23653
10887
11105
10452
21295
13086
8928
25167
25042
20272
6188
12458
4506
12436
12785
8744
776
16893
20706
25022
23611
11859
24422
13554
24380
1293
23857
8694
22666
4511
20041
20405
20733
19961
7338
6227
1355
25165
13112
20840
9634
23850
23890
1125
4125
2611
12610
25072
1319
11836
24201
22555
6408
2422
23985
9291
21793
8650
19979
20787
19943
1708
9665
13375
13223
24382
20849
4990
12814
23267
25044
13368
10364
23215
9757
11069
20080
8708
4250
25241
8991
6239
12377
13367
3198
20436
8925
12215
20739
23404
13105
23989
8844
19924
5628
6151
12430
3475
23593
24420
8963
10077
1087
2619
4304
11190
5620
8722
10880
10430
21646
818
13374
1071
4732
3105
9809
9287
4039
4109
19476
11754
8656
13645
863
24828
10129
13079
4952
5042
12213
4377
21009
7594
12273
6241
2613
13561
9761
12241
24428
7535
23921
5046
9642
10079
10840
2464
9948
3391
24198
23246
4127
13092
871
23485
11898
13125
22161
12353
20059
6609
1428
10862
801
24123
4221
12239
4042
24136
23913
22121
23680
4871
7400
21200
2992
12291
24539
24836
21012
6860
12490
13070
6337
23212
11905
12815
7641
7441
12199
24389
25102
25174
12395
24288
24527
20000
2900
11986
2609
20997
13139
22665
22810
9472
25252
25272
1189
6525
4507
9789
6133
817
1430
9141
1235
1017
4740
6623
8686
1145
11122
10456
23652
13285
5040
2989
13111
23841
12217
9638
20773
22290
11396
1193
11832
22728
9794
19556
22981
10878
11984
9748
25114
4393
13671
4512
832
7346
20166
4904
13241
4928
7356
10434
24872
4803
3758
12773
13119
4880
2924
25010
11668
24758
21859
7593
22179
6082
5688
12959
20714
4934
21070
1641
19553
6128
12692
23315
21851
20657
20086
13596
12389
9814
7124
6857
9704
24207
25001
75
5670
10454
10555
19675
19710
23919
2591
23122
7534
20101
19541
13269
9338
11895
20574
20560
20235
1317
10330
1835
10069
4973
10171
8742
2633
25246
13379
24444
5014
22337
20257
13199
10350
22715
2916
10075
4910
1159
10392
21076
12825
20571
12341
23194
540
8961
23330
11081
4513
4220
10554
16891
24814
12285
10023
11852
24144
4347
13549
11702
13281
11389
20243
1081
890
24725
20581
11128
1729
6341
1046
4929
630
5630
22127
9342
12888
23902
815
23300
1325
19927
3755
25226
11778
1233
2568
13337
24407
2535
8482
2997
6583
1197
13678
6581
24046
740
6786
22727
12243
13594
21063
6322
975
11140
4722
9787
6392
9759
22227
8726
4302
2641
11990
12295
21334
4979
626
875
7382
24864
5636
4115
811
22724
827
8971
24551
4971
2625
21832
8905
4892
10408
13369
22545
7332
10374
8964
21298
23654
10448
11770
4373
847
11772
825
20269
19490
9046
4551
13587
6111
24327
9747
25080
23395
5616
25221
6773
1281
12257
11109
13094
1393
10426
12806
10302
19994
5036
589
1349
1696
6607
20178
581
21255
23863
11706
12245
24866
3481
11194
24537
20372
10338
12422
6251
23853
10406
19958
3095
21431
8748
23844
855
7372
2986
21437
10074
2673
22284
4387
23381
11769
12263
24203
3777
10286
1038
20838
284
22187
12596
19997
3327
3385
19649
6361
23597
6788
3751
8850
1019
12637
10589
22249
23258
11787
8472
20562
1107
1109
11720
1347
1103
10143
9756
6522
5638
2934
24197
12691
2566
4922
20005
2533
8692
804
869
4798
12415
2665
12540
836
1131
21282
10954
22323
13073
4229
21942
13095
24808
25135
4955
1073
4160
13328
13675
13602
5730
6127
10362
656
4895
10298
21428
6273
20553
24311
8839
9006
23595
6627
22145
22314
1191
12478
23995
21776
10386
12275
6790
23095
23637
24135
5692
21434
8706
4907
22175
3094
9705
8841
11417
12337
10063
1265
3479
19547
1654
12201
10146
24178
21855
22550
1712
6247
4714
6809
1367
22814
8958
3194
10280
22842
13124
4359
20047
9100
12221
22294
6914
3771
22721
4710
23472
21211
2534
24417
10053
1385
12225
4351
25129
23461
8917
20836
13288
11870
21151
11373
3486
9044
7396
1656
21752
1042
23673
1033
12890
4156
13182
7409
2570
21905
4827
21438
13672
7435
13544
12301
22947
1149
2904
1091
23897
24830
20397
5624
13385
4925
13681
2980
8760
13593
23620
21301
4959
7447
12002
1044
7455
3867
25173
6862
10933
810
1137
22717
24812
1837
6959
12811
21892
22272
8926
4995
19645
880
4985
12611
11037
20164
9290
4117
25195
11808
4724
22278
12926
3839
2631
13104
13655
12333
10316
13540
6777
5654
8950
9760
25189
5038
22725
6061
3781
21072
1095
24176
9179
4081
9785
9804
21149
8680
23366
2653
6418
2495
9754
2560
20844
4991
21169
11192
1183
9906
6223
9303
11020
24680
22636
22368
6182
25212
12956
22370
9765
22111
11416
1833
6386
19697
22729
24192
20263
22331
20098
12287
25185
4218
20223
23979
9419
6365
4401
20439
23255
25266
1345
11972
1375
1085
5642
23197
24798
12393
1239
12609
7640
1111
6367
3060
10549
25181
25237
2655
9798
12367
21276
2577
12447
5690
8696
13080
22812
20716
24189
1313
20402
11705
22734
20205
23261
2402
13640
2572
9945
4232
20431
25239
24177
1846
13267
22388
12831
6400
22155
21033
10416
5641
3339
12851
11756
23252
22335
9783
23075
24834
1403
278
8962
942
7159
5652
9140
4937
25216
12443
24423
1383
1201
2910
4227
11410
5535
4180
13221
22731
11896
10037
20408
9636
3791
4119
11920
24037
867
9799
3100
11776
23893
21111
21817
21268
21784
6746
23915
1141
6591
1093
20517
1061
21081
12335
21890
24736
2552
4333
24430
4941
13068
8724
12455
22324
12813
7116
13592
5574
4070
2627
8845
23983
11773
6041
8738
11663
4131
11231
21900
21140
20366
8764
3329
1089
22351
11414
13287
21126
23185
13340
10881
20595
13609
6856
833
11234
2661
20229
4893
1700
5702
8732
7433
4509
9099
12349
22275
24167
25213
8672
24169
10292
24699
10067
1129
25037
10440
21073
25230
1698
24876
10958
3488
20720
11855
1277
8913
12428
21895
4863
6967
4745
1007
23624
5543
20146
1077
4113
20555
10390
12506
872
10462
1339
24271
826
13550
6255
25233
22131
6313
6186
20442
19976
13677
6733
4755
19985
24321
19532
5063
22230
10304
12510
24676
23843
12195
829
23475
22114
11090
10306
25270
9672
4675
19691
23789
8903
13633
6263
10501
12365
24376
2894
12399
3748
4129
11393
2579
12211
640
4216
20577
10500
6215
1223
1167
6404
24125
20038
23471
1175
5607
3107
2926
1343
11719
10368
5708
22713
24810
23345
11072
10310
1215
6253
10828
8756
20834
12459
24874
4677
19933
20556
12441
6351
8720
21324
4912
13617
1311
23240
23896
10144
22619
5726
22177
20137
11765
1307
24395
13364
4716
3474
4728
12417
13606
24183
23889
23891
20388
25054
6615
5541
6577
889
10010
23318
4972
12522
25075
428
25229
11867
1303
5639
20023
25243
6633
25227
23822
19722
11386
23465
13243
8921
23644
13622
12607
6568
2990
23200
11371
22398
8746
10877
9731
12418
22433
21064
1724
21959
24348
21173
10487
10296
20029
886
4399
7141
4284
2675
5057
5626
20140
5553
13381
1127
845
4331
7354
4565
3389
10145
8662
13336
4585
23917
4708
25163
8927
4391
7348
10551
24838
6355
11193
2623
11976
25240
20116
4298
25222
3749
21847
12524
21695
4983
12347
12267
9792
10836
5672
9068
2593
4327
13082
6527
89
426
11780
3865
9803
4510
8486
5018
11083
10035
7394
23911
10882
19952
25183
10939
11124
24224
25025
4068
23407
4894
12383
10507
20708
11751
24172
21633
8874
4954
13133
1053
24727
11966
2497
13132
6070
13317
4168
25063
11768
7110
20792
1575
2501
6406
873
1727
13539
1377
21021
13629
13107
21108
24748
10336
12504
6185
5724
10394
1067
20260
23413
21322
21316
24180
8776
1351
25007
23628
1229
23097
24317
4228
7647
654
9801
4389
5656
23846
883
25278
598
3170
6371
2952
2413
9286
8849
21136
11970
1209
13647
9236
13665
13625
11284
11375
25264
25112
21336
6589
4105
800
8476
24162
13131
2489
13371
10404
21209
9305
11864
21634
12014
11407
4515
6918
20572
21153
20565
11167
1389
6528
23270
11670
6277
20184
12520
13599
13600
10839
2657
20053
6731
4235
21733
22817
2985
4072
9795
8871
23677
21971
22954
3843
10352
21780
20401
21343
1369
22313
6137
10879
13644
2468
8740
24743
9056
21326
9793
13378
21944
12297
19484
5662
13117
1407
3753
20598
12766
12357
10288
6593
8911
12203
2979
12281
9106
616
866
23091
6570
22342
22943
11767
6109
21000
2599
20249
23369
7126
5631
4345
6375
22157
22740
12309
11664
5643
19982
9750
10083
22171
11377
24754
5696
1155
3899
12345
8923
1662
1420
4919
11099
20107
4913
1289
5621
11721
548
2908
4874
20050
5048
2912
538
10382
10438
10348
22183
25187
4035
1177
4225
11014
6153
25242
13630
1478
13597
8752
9797
24693
10344
6750
2417
1540
5058
8470
21946
4882
23336
4215
22730
5678
24822
5668
12305
1135
11908
6149
22945
1133
20712
9910
21123
23306
4361
6069
13673
3190
10045
22500
24425
12313
20552
9237
816
12658
1245
4226
20520
21059
10041
2898
20202
11665
25031
7449
22288
1323
23221
24227
295
808
22808
4881
23458
12426
5627
13138
11708
11828
12279
8848
25218
7648
4222
6587
13242
6317
4773
7130
4409
10468
6221
9050
13551
285
8955
24200
21177
4996
3171
20566
1299
20251
11382
22002
21955
6315
1387
24186
4071
6526
10039
13077
24525
853
21028
22251
23971
24313
11228
12255
13636
20092
12494
1105
1267
24384
5665
20575
10388
4877
23462
24421
21969
7384
13667
2583
13646
19689
6330
9294
1365
22726
11085
21948
2639
24134
4502
11850
1725
8710
4397
4319
778
5632
23977
23849
2938
6724
7378
4905
9775
4948
4868
13626
24191
21739
4367
19921
5030
24140
775
10024
13106
3208
4566
4514
1005
8484
1285
12277
25274
21330
21087
828
23859
24027
5684
6745
21816
13103
3200
6720
2942
11217
813
9800
6275
8956
12797
22312
20796
10552
9949
22189
12434
10444
9782
9241
876
10320
2883
9808
10047
12464
12329
6040
21328
22719
10418
12231
8468
2635
4924
22664
7671
6145
9074
22481
1143
24818
6895
13362
23354
4888
7366
7676
21965
9751
5644
25004
9296
10055
12774
2487
11871
4411
22498
286
12321
4151
24867
879
8676
8718
12796
9239
1023
21963
12808
20026
12006
1179
6126
8953
7459
4214
12307
21318
24399
9238
22737
6359
4121
2537
23478
1225
1321
8856
22806
3387
6363
24393
25262
23242
544
2536
6737
803
12853
22296
23675
8924
642
13129
22254
9778
11861
11095
5657
9295
21649
23907
22141
7142
8758
21786
22631
24179
1213
8846
21285
1271
24745
21760
4886
8882
10400
4383
8919
3789
25314
24157
6402
20794
24194
2601
6910
22695
7457
8712
12323
2540
13363
21096
20017
22135
22345
23482
25083
3775
10034
10442
6656
19727
23987
1083
13562
12439
9289
8704
4749
4958
21314
4587
4516
11133
11777
13552
20655
12259
22502
22496
11752
6864
772
10420
23474
23285
2581
1057
23230
9072
3859
6563
8842
5694
5649
1247
12896
9770
12453
5676
24857
7374
20175
12601
12889
1079
25271
2554
3795
8949
3054
11750
10354
23522
8478
24431
5545
8652
13222
13548
25275
21432
13237
24752
4747
23615
22650
19973
2961
10085
11191
11711
6764
2585
10863
11395
19693
20044
6110
13114
7140
20777
13083
24021
21332
870
9181
2995
13542
4966
10284
23297
9339
20415
5034
9807
22644
10559
12363
23993
3783
13664
10474
5032
12812
23444
11388
25231
23050
2470
22547
5640
11126
7456
13674
19639
24403
22846
1419
24000
24401
5028
11398
35
4961
11924
3172
12891
20125
849
22292
3761
2550
9786
644
4738
6548
1069
24138
881
3787
12516
8968
12229
25016
13074
8901
11760
1357
4967
12460
9144
4753
13357
11873
3057
23288
10956
22260
12451
10864
1315
4960
9174
10556
6396
25137
1055
6180
12311
21934
11021
11120
23851
4323
20035
11847
13579
3799
5622
24325
22390
21214
9767
24844
23480
20134
21067
24161
7362
25273
4379
4405
10322
5619
4718
12954
2994
25081
13332
21742
13127
12894
12639
12419
6420
13118
7803
1329
23639
1295
13330
2472
7350
4976
4783
20578
10460
10940
21129
10340
23218
22266
23634
19964
9143
21069
4407
11405
10061
23638
24804
23332
24213
13137
7340
13643
4101
4321
5637
13128
25276
20710
24975
7358
11926
13098
1422
13099
1397
22343
2637
23093
2603
24173
13618
13333
12420
21006
5056
23037
5634
11703
10159
12303
19550
12899
6619
22625
21207
5521
20599
22610
11894
22552
11907
10051
23448
20573
20764
4940
11824
23053
12355
8664
868
10049
6062
12605
22816
5680
9908
5700
12219
24816
7437
24006
6912
3473
12848
13239
1063
9777
24219
22941
10583
10294
10581
12381
24160
23599
20561
20032
6279
21084
12251
3763
21902
24802
25050
5555
4091
5698
2988
7114
21838
2405
23607
8766
24164
1173
23855
4870
11335
5674
4503
546
24141
7376
21345
4375
857
4984
2513
22641
13113
10148
24248
4341
632
22263
4862
7462
22844
24746
6916
20014
25258
25234
24159
25069
19936
25207
21155
22322
13613
7368
12727
20266
8728
20590
11403
25256
1718
4335
24163
23682
21857
12900
11897
10282
1163
1165
6373
23446
23468
21782
24346
4308
4734
24024
5044
13668
20226
831
13280
3759
9104
5547
23203
8907
23852
4325
11369
1059
9773
22147
1495
9185
4395
10158
23460
2902
3096
23642
8698
6893
2499
13631
11229
12339
22628
8994
9244
9084
1195
13583
11212
7592
12957
8959
2987
4178
6416
2659
25074
1113
24855
839
3204
21078
802
4759
6377
22396
13615
12482
11701
2940
1117
20423
8670
9907
6243
2914
5663
3477
10472
23264
24796
732
8967
13319
24840
12902
3853
11771
1399
12317
23235
10436
23847
6108
13338
23047
13634
23276
658
2629
11282
24209
7380
23622
21938
13093
6390
20429
23476
12904
20593
13235
10446
12514
1287
6345
22516
22339
21720
8954
20554
12416
4123
24307
8969
24195
10366
23389
13360
8929
11974
1844
11978
12809
10498
12015
1424
12018
20585
22838
20802
22656
1025
23473
2406
23339
13342
8654
9142
8957
13197
21898
7596
23470
1153
2474
4230
11902
13358
7806
20110
13365
6237
9297
12293
1221
2984
10073
19695
6778
4181
5013
13283
21435
10156
23635
23188
4339
12856
2532
21075
7136
9288
11838
10370
634
8688
10300
24266
1050
23887
7132
6776
10584
1237
22647
19946
3773
20211
9772
9788
4977
19720
5710
8666
6889
23840
13090
22698
650
7053
6388
22338
11259
13265
4964
4989
746
6541
13627
9101
13096
6774
12893
4164
7453
78
13676
25131
1702
13069
21795
2539
9802
13660
9784
19488
8464
1645
11755
13387
3098
24215
13553
1037
1658
4213
4285
23334
23626
9301
13258
13546
13331
19486
12895
6225
25077
6245
1119
13372
542
10588
6143
1361
8965
6217
20756
22675
20433
9300
6343
13286
13559
3341
24372
8480
4859
24342
25171
12265
11762
6787
12498
21003
6271
9921
6328
13202
24142
7112
21973
3472
664
1048
9337
1031
1273
4212
1181
10378
13370
4300
5533
4857
22234
3393
1251
9758
4997
20579
1013
25191
16890
25056
23601
7399
667
21961
22394
577
807
10290
20582
3053
6465
1261
11789
4865
22638
11868
12197
13580
6394
11379
2597
23861
12788
10380
11079
4970
9925
10376
11980
22349
12892
9097
5016
4943
4233
12472
4580
1249
11672
13343
288
12468
25066
25238
10360
1227
4315
20368
25248
11863
24294
19918
3480
5659
4856
7386
24405
1373
4657
1331
13601
12457
11384
24319
13203
24165
24878
9771
20406
24387
21439
10838
12237
24190
4349
23384
4041
6631
12608
25267
1161
13624
3337
421
636
24780
21146
11669
2993
13389
10422
6265
21266
7352
6603
20600
7321
2963
10172
4869
1241
5661
24043
20426
11200
1123
5722
9292
5666
13076
24419
4778
12249
22722
3689
20149
1692
11781
1637
23477
4736
747
4611
24175
21950
25046
10414
12500
22159
11891
22494
11165
11785
24749
20155
11804
2541
1243
20389
11748
87
23646
13263
25236
10356
7644
2621
22129
1363
7809
2645
11283
3335
11872
22986
843
13621
9242
5660
11391
23479
23484
6908
7673
4310
22840
13612
23923
6106
767
20786
20846
22185
1335
13608
7128
1027
11851
8488
24315
4236
10553
20730
22173
9946
9093
13679
23073
6735
23273
809
4793
7646
13134
13663
6410
22143
5647
6229
23888
1263
1199
4712
11402
23764
21015
22315
8684
12361
9752
874
6382
22163
22346
24413
24181
5728
6335
9240
20784
6129
23633
10384
22137
4317
24003
12476
25086
21936
21643
7917
24184
24757
10466
5623
10147
23591
11222
4730
13244
21932
23401
19647
13545
13260
1379
2918
9005
20089
837
6326
6184
6924
20564
4936
13085
660
5658
25224
2928
2414
7319
3841
24617
20704
11076
5645
9678
12470
13097
9733
7392
23619
3793
4876
23372
11115
6259
2466
3485
11764
2415
13072
12518
25193
22109
19478
13123
24824
23312
9762
13361
10332
9048
3483
25059
12421
9780
1432
7927
21940
9944
2503
1257
10826
10858
8492
20220
1279
12432
6601
2936
12269
10149
22169
5608
3175
21183
5067
2663
4900
13541
7458
6131
24370
8996
6135
1757
4899
6611
7327
24409
10334
11988
10043
23649
20781
11700
9070
25078
20370
23862
8774
9073
6775
1275
21171
4202
1099
2991
11901
11866
5539
22333
24942
1297
25106
19481
10491
4935
11280
7323
13329
21926
6665
4329
20161
3769
20131
1151
1015
4567
13377
4357
628
2920
10824
4901
7344
22281
19724
4946
13091
20214
22692
12414
5720
10057
21433
10865
4508
23224
22316
21120
2617
19967
24880
8490
3331
6666
12373
20169
13607
11097
22689
5059
1253
11857
23997
5655
12807
13366
22951
23466
8730
22181
864
25040
12502
9811
23605
5625
6139
23360
24206
3779
22269
5050
4403
3192
3855
4365
4953
24751
1426
13584
1704
20011
5686
9911
16888
13122
22229
8880
20558
25034
8878
5525
10837
2460
22435
12371
13623
12315
7918
20563
1255
12327
21888
13271
3059
12319
12331
24012
25177
23895
12492
13087
12424
4371
4887
22167
22978
13130
1301
579
1269
23467
20199
877
8909
1283
10450
20557
12612
6597
6141
9183
7325
7539
5026
4021
2562
19707
22149
6547
6147
9781
5682
23392
13341
11998
885
13335
25028
23762
7807
13136
1710
12496
20779
7643
6654
24806
2538
25048
13088
24225
12375
13084
9755
4600
8966
13635
1035
13120
21160
20374
6621
23294
19699
2491
20422
9071
5554
12488
841
5664
5576
4223
7364
22326
21778
24862
5716
13392
24723
5635
1029
861
4757
13359
13641
5706
23856
1021
13555
13603
13556
4095
22804
12508
24731
22153
13140
3785
4858
12931
21061
13585
24309
8700
11136
10150
21093
8952
22486
7808
10059
11774
6414
12016
23528
24143
4923
24695
4889
12235
9768
1139
9703
12289
21320
11113
2607
23357
9779
9763
4343
25254
892
1635
24170
11782
13604
25052
13547
6585
1203
1359
13614
10142
12512
13595
20158
20095
9810
23351
23303
13616
6861
12795
5609
1434
11707
12638
23342
23469
5345
8992
6267
10550
20254
9069
3097
6760
22242
11666
6739
2605
12325
6789
7804
8770
7388
10398
23864
23617
13543
22341
13373
9055
21392
23898
5667
23632
11710
24250
11968
11419
19641
7675
21180
25217
25220
2981
4086
10464
24139
4864
9920
12810
10548
11367
5704
22327
4413
23398
5651
3343
11783
13558
22634
21264
8960
12445
20104
10314
1259
1706
12017
13334
20584
2922
11791
24222
24204
6181