0
20083
10859
13590
6398
11110
2721
13417
11207
12261
11839
5937
21530
8419
893
13670
12184
6166
2558
7223
3359
5653
5415
6032
7398
23743
22848
23177
3616
22151
13259
10917
20128
22909
10110
10564
584
7309
7630
22384
3844
24472
24253
20471
11497
11952
3173
8940
1858
13449
7978
12517
23172
24344
2030
6802
1493
7740
23845
22018
6920
12145
19737
637
9078
6231
21572
24234
13430
8547
5403
2372
20546
7775
6252
7090
3757
2190
6564
972
6158
22823
1530
12161
3797
11858
4544
10119
21807
6555
6595
1664
12000
11807
1244
13581
6344
24137
8605
5480
12585
9151
20789
5147
5295
4601
5591
9602
23137
21031
22786
7725
3135
7716
11925
20048
5073
6616
4994
5991
10048
22653
9940
9743
5889
12586
24483
3826
1553
716
1487
8590
5866
8667
4014
11346
11257
3534
3358
19878
2235
12271
10238
6262
2855
21134
8661
11420
5693
7702
5224
20615
2243
6474
4534
8731
19848
11485
19473
5293
3429
6808
11853
13560
3248
6235
22165
20937
21124
10582
4313
4483
2378
20122
530
11408
7434
20276
21198
8855
4926
12523
8535
10850
789
23021
10018
2430
5902
5338
13470
10972
389
11797
5870
7096
4087
5835
11722
3693
12087
2388
22075
9353
23892
11472
19502
20141
10428
5185
21627
7176
13589
6466
11713
20240
8630
11093
2072
8935
9234
5181
9158
10490
5168
5816
22257
22867
6413
4788
6951
11116
19663
3174
7461
586
10938
10412
24706
22927
10065
5072
23719
24721
12606
7419
1794
4589
7060
12369
11092
20507
12116
23899
24168
8690
4539
6039
22850
2182
6646
7003
7056
410
8741
22793
22473
5759
6749
21471
2813
4779
11885
11208
24767
7072
9728
9304
2282
12901
11943
6026
11860
2100
24885
4017
22557
2475
6974
20727
12631
4496
5430
21117
2866
21287
3814
1305
6130
4582
9459
11258
6988
1395
10485
8765
21289
3239
24533
2930
2973
25084
10458
9250
12701
10088
24424
5650
13669
13416
6668
22869
9673
1984
6213
5841
24792
20931
9211
4111
2264
21768
5336
5243
4282
5299
2565
6706
11506
1797
2462
4527
7239
779
5806
13498
7817
970
249
4909
638
24030
7287
5303
13250
11964
9480
9640
19535
299
4260
11185
10318
7275
12412
5004
24340
3425
5597
4270
6012
4177
24666
24832
8988
6509
24882
19991
10953
5131
8558
9452
22017
2089
6210
25110
121
9509
5629
2376
10321
19816
4702
5947
2256
3680
3237
10926
734
3861
2729
21748
6810
13505
1391
4906
4666
5795
22122
9021
24623
12026
5413
9583
19930
65
24171
7549
20232
24133
24635
21166
702
10499
10470
23516
7277
5009
11840
10324
3153
2493
3750
11430
23748
13637
20056
4096
9813
5266
6333
2156
3735
1581
19643
19708
11889
24760
23160
21478
24800
5685
3452
12021
3123
70
12114
19806
9039
12802
9867
24279
2257
5917
12047
4916
24223
20943
22622
5344
11938
3005
10598
5163
24863
3186
3834
12083
13610
218
9564
20962
20869
3223
11775
6599
7961
7406
1748
4099
3023
19519
8530
4606
9890
25071
21690
7330
3710
24668
5915
13251
4279
7426
5719
9729
19631
648
5714
19988
6580
19748
24684
8847
6922
4911
19899
19718
6650
7377
20935
8638
23722
3842
13172
2103
812
12364
13380
20119
9079
8970
6307
7529
23901
6812
2542
9629
9863
13143
11795
20725
13510
9336
5375
23529
2643
62
23964
7476
22139
74
12630
9149
22930
10215
22410
9654
23886
21539
22089
5736
7913
20949
5588
11206
5953
19734
3794
9349
11479
24229
20596
774
11673
19509
21988
7240
6904
22743
5506
4192
22303
21576
6379
13409
3332
6104
23951
10326
24391
1750
9299
7443
13582
22452
25223
2882
7204
22787
12088
3915
13514
6226
1405
7512
20113
10137
4533
2393
22752
8944
11510
11744
1242
8840
2176
4264
10003
4872
21044
9280
13493
11714
2696
11412
3576
12334
5399
6300
4445
20864
2716
1653
8657
8716
5429
20280
6719
6981
3801
24664
10999
20979
5437
6125
3000
23232
3764
25202
3342
5671
4154
6677
1796
19805
3715
12924
7451
9372
4751
20749
891
22325
13376
7829
10013
8946
10825
4949
5007
4498
12903
2088
7805
20890
21500
3548
2823
2426
5821
5125
6544
22780
20883
13078
2978
23181
13126
5162
1230
164
5952
9434
3390
3181
23768
1497
282
20944
9619
5871
11949
5159
13654
10822
7078
6887
22328
20914
21570
22924
9164
8568
4118
23168
22906
6053
11129
8873
6605
9435
10579
11255
21708
9293
9176
1668
11130
11826
12410
20273
2864
2815
6684
21610
10030
4272
21090
10044
12543
4706
2651
21893
5737
10026
24944
12403
186
1864
13109
8551
22196
24820
24946
430
12551
13065
12134
1665
641
8759
13196
5888
6261
1492
3202
4166
21156
25013
13158
5112
3419
9630
9346
12847
6283
3441
9103
6752
5695
25268
898
12332
23363
3340
12799
20877
7490
834
10842
3122
4477
11865
7431
10379
19651
1563
7123
4767
7261
10540
11131
6723
12580
11963
9064
6037
10361
13384
6034
23667
7527
9854
12124
12387
21924
19569
7233
8443
11794
1584
24338
7170
3196
2982
23201
2697
10140
24249
3772
25232
4846
13628
2574
11106
5164
4687
12066
19820
20024
20718
7051
4186
2128
7837
6707
233
21622
13443
11227
7545
5998
5359
4841
9285
298
22536
9790
2685
6349
8451
12193
7445
188
6339
11111
21791
5476
21736
3547
20138
13144
11819
13460
22449
19659
11118
21524
23493
22818
12829
4163
22607
240
11982
22244
13270
7296
110
130
7859
7976
6172
13261
21132
6886
23665
12767
12614
12768
620
12852
24641
22971
5035
12023
20982
8559
9212
11249
19859
12107
7097
5855
23151
2983
19941
11465
7896
10095
7825
1777
3896
10132
5209
10963
13501
9519
22531
3900
13141
7310
22616
931
2207
6254
22392
12159
8703
1409
13611
7299
128
25228
9210
6545
22760
6472
6136
6368
10175
6490
4933
8659
4975
11233
4814
7843
12380
12497
3544
399
4423
21896
5256
11074
7070
11103
24485
23148
25196
20499
3086
11138
7059
11875
22270
1909
10237
19884
5618
8581
989
5019
19871
4883
3557
22418
8995
8864
1526
3465
9214
22918
9092
20467
24182
13279
6492
2827
1649
21029
6700
12253
5907
11473
3121
23960
9343
1222
10402
3046
7122
19903
4239
11461
22133
3179
5933
7106
4480
7133
6115
8682
11356
22613
24581
11050
6946
10109
12855
4449
7469
13591
8433
5064
3767
19530
9432
259
9340
8660
24986
10081
210
1580
13620
20888
19912
1216
11784
25235
7375
22543
10896
153
8010
19949
2906
5648
10123
3268
621
5424
11055
2053
19538
20974
8528
2269
4488
23780
4831
21543
11187
6112
5200
7411
2214
12071
5310
2435
2996
213
3072
13586
4584
4802
9201
12858
670
7201
3446
22107
5598
20129
5712
3890
10180
4259
8872
2874
4288
9539
1579
9273
12501
3101
6081
19527
23174
11854
25108
11816
24865
10513
3147
3041
9208
22528
10593
4965
8449
9298
3138
23900
22051
10413
11682
4595
5324
23820
6779
2684
4799
5794
19582
7242
20945
4945
5504
6996
9812
7762
1830
7828
3615
8510
6523
13638
958
2081
887
1713
25225
3999
3892
24847
1850
9053
3348
1839
9040
22925
12817
13525
23981
12928
5800
24174
20695
23828
12597
21034
11454
11358
9510
4578
13161
25214
22369
5418
2069
22201
22021
13278
6369
12934
25197
19657
6384
8750
4726
13502
6074
8536
2798
9527
12153
3093
6768
7
11242
6617
59
24032
7250
9371
9306
12173
4126
9874
10058
7203
13619
1234
22049
23343
6381
7158
10517
8702
13108
21824
934
19785
6389
7077
3886
13388
8854
21477
22413
13135
21143
23781
86
2647
19809
2840
6495
23953
13110
4083
10346
11829
22037
11806
6524
5153
21670
5827
11944
21598
8736
19908
24755
19831
22124
19995
7001
9882
1506
3050
24378
1560
21254
13420
2556
4739
10381
21957
20866
3857
5860
8719
2702
830
4252
5849
9888
2971
613
7472
10897
12765
7429
23249
21106
12598
22588
9475
21501
10961
7919
12064
10112
2488
2549
21825
154
12952
12846
12821
22866
12346
20
5412
7754
22864
3876
3883
4775
7273
3460
7720
23991
8014
9139
7870
10210
5244
2082
12167
25215
5701
5397
6446
9367
7088
4947
23939
2129
355
7694
23387
24374
11715
5617
2403
24678
4914
7635
10443
5459
13115
9000
24884
11175
4103
12877
21531
11779
9091
9942
9028
24697
3695
7264
5331
5217
610
806
19611
9332
6647
2854
21827
19980
12042
3977
22228
9341
6980
9335
6575
23408
5357
6758
571
1406
12642
19595
12759
1231
8877
23116
24397
72
20790
3213
6312
23056
9950
11834
5333
4200
23823
10893
2965
5505
1871
12947
13121
3732
3593
7195
3040
7238
25219
3533
8455
20515
6097
3549
5288
21194
8565
24075
8734
5896
20463
24845
5824
7727
10071
21505
10424
1567
8006
11034
9024
6898
11445
463
4713
6447
19765
7975
12101
10072
8674
4918
22976
814
23191
9245
23832
20042
3099
4548
4950
3140
3804
5024
9187
11160
859
12578
58
3599
5939
12379
7838
5454
19687
4132
13642
1587
21762
3428
24246
5734
24585
8837
7631
22905
7083
1711
12168
22400
13438
11985
22710
22542
5885
10478
11381
7651
19915
9470
3574
16684
3033
21016
9652
6629
7138
205
12147
1250
10829
12755
5785
4246
11431
20687
23155
9364
5062
7454
3231
7306
5818
3106
12513
12761
9644
1722
23973
3840
12049
10410
6403
3092
6979
12343
2412
10547
12040
6686
12359
20978
11261
9806
6161
12382
23848
22648
7057
2683
60
6701
5556
5928
22744
12423
7227
4082
23045
23111
24411
3416
4898
9734
6600
5187
835
459
20872
2044
22526
8993
13605
4576
11107
3125
12651
22789
9600
2302
11456
10977
6068
4108
24567
5294
8474
5646
12885
5439
10211
3176
11856
12011
12078
4446
23167
9569
5421
6807
10138
9085
7149
7793
19902
6346
2115
12823
5881
12437
3847
1753
7732
7247
10161
11803
24051
5988
5863
10901
2237
2150
6419
1829
11397
23169
1052
3587
3356
6973
8599
22933
6083
5615
9541
11876
7572
2210
7911
5903
11232
10267
9089
662
12915
27
5111
3911
7183
19803
23957
6442
9522
4170
12828
9145
1803
21953
22523
8685
21952
12397
8600
7989
24067
2481
3516
22464
899
3466
21814
10592
9431
2034
416
19732
9552
8787
9681
2816
777
6562
2200
10539
3344
3414
2573
7794
21304
5822
22875
7326
8876
9461
20008
694
11899
6356
4306
2873
1
6458
3738
7708
10372
9033
23904
13565
631
5325
22014
6671
9384
6009
10327
5191
8865
24826
5575
2111
6412
23908
69
5265
9302
6891
101
7900
2066
24
24281
6890
901
19623
4729
9753
3725
6064
11900
5323
3333
19515
21802
13325
9766
4287
9466
21642
10358
5281
11230
6694
13557
22651
3921
23173
24291
12413
23779
1845
6393
19793
10993
9195
23054
21928
7185
13178
7634
1456
23785
23818
3602
102
21018
4851
13453
788
20842
7000
12351
21644
19834
6101
21175
21203
10565
9163
21707
23787
2567
7748
6067
13513
12603
2105
2070
5052
20459
9764
9749
9366
9243
9083
2261
6818
23782
3869
22975
20933
7654
20736
24571
11262
3118
5204
4002
4093
7645
2870
2011
10955
5409
19864
4617
11818
3055
2975
10094
6590
13254
21260
2408
6347
12003
9405
8754
4917
5165
9102
22003
13142
22964
5897
1865
23975
7537
12656
5814
8668
12429
11216
7134
5066
8714
385
9170
21660
988
8655
4486
135
7068
6353
25260
19877
8678
13220
3201
8772
9635
20964
6691
5944
8658
3997
9430
5411
8639
12938
3126
9441
20917
11035
20543
3909
6219
9217
9246
4690
13527
7695
19544
5178
4836
2226
4466
25179
12935
24069
13403
3457
4425
397
10495
3863
11941
11948
6304
11737
4833
24701
10480
12247
21918
1781
9769
11134
22247
2786
12164
24982
7873
4982
8768
7570
5221
10064
3383
773
3047
3270
20246
9776
5681
11368
24071
6010
25019
13571
3496
4774
5718
6725
3905
752
3250
2179
8997
21967
25208
21810
11180
11440
12539
354
6220
6885
11439
20747
9932
12385
3553
5414
10934
9277
19968
6608
23871
5965
4698
13422
7866
19895
7750
20798
8548
1559
3512
4530
4720
9627
2723
6233
9732
11977
7723
55
8466
12819
5604
6107
6257
25269
4416
8977
2092
10056
4875
4525
5154
2498
6301
19955
7444
1981
2073
2253
9453
12306
3975
5358
21975
568
19787
3039
22285
4627
22041
7966
3866
688
23523
5761
4978
23518
22329
23894
10396
12068
8467
11515
2232
13439
5932
5612
6024
5930
12581
3678
6505
23046
11869
10125
3612
8505
10585
7764
11235
269
21984
1849
4819
21163
8499
2043
20858
7147
22193
8574
9032
20443
23206
3862
2692
676
10905
11671
2814
3197
3805
11096
9978
9774
12752
7778
12438
6894
9715
1187
4569
24127
7229
8691
21612
24185
8537
9233
12627
21157
206
8424
4593
1709
9387
5174
9230
8663
22771
12299
10403
8595
23943
7668
23933
19811
19869
4830
19494
8790
7949
13452
13393
1582
3691
9098
2031
11448
4517
1558
6625
23829
7650
21574
25035
13632
11005
23517
23742
4292
24447
4107
4428
11942
11409
8978
12945
12111
2155
22291
2790
20788
3714
21909
2649
11250
22529
10530
4153
165
8546
9487
11830
23821
6325
10027
9259
7639
22832
23492
12564
19757
1980
5633
7402
22534
2192
21808
21138
23956
2783
24232
5752
9177
5500
715
8598
2789
6357
2890
387
6926
3731
3369
21509
10007
24785
5286
652
19970
21114
6468
8618
683
10097
4458
9462
4742
4704
1219
5519
4097
12391
7218
23925
24794
85
721
862
615
11088
20355
10872
681
21885
5791
7292
6138
4669
13538
865
20902
21022
297
23842
3049
21498
4152
4494
10944
21066
1252
8622
39
4616
24361
805
10033
20760
12106
22104
9327
22533
21536
6558
6282
9796
8915
19745
5709
19740
9848
5977
2564
24333
10941
6095
2056
1629
13598
13075
22532
7485
10519
7667
7945
2231
21494
4462
11822
6118
24500
11443
5226
11043
12045
6549
5136
3379
5404
23835
6065
5853
4741
9938
1378
11400
5801
24961
11361
2121
20479
2476
23131
23059
5586
11415
12187
7289
2189
6324
8000
4821
88
217
4754
2118
24619
11490
11364
12792
1810
11157
10227
21834
7520
4777
11956
46
11041
9724
7683
11989
1590
12095
3399
9218
21197
7171
8762
22764
10489
19844
3168
10242
7690
5346
5599
22919
9637
23854
682
22225
13200
20060
25316
12884
7642
9676
4418
4089
6250
1561
19677
7636
11729
4591
19770
13652
12396
4668
10930
8886
11195
12166
2703
21024
2896
12872
5557
6613
21758
21085
12013
24233
11411
5211
7584
5882
5219
149
415
11399
4459
19804
239
4528
878
10377
24240
22209
20233
23865
7245
20020
9727
157
8543
24491
4422
11959
12099
6762
11372
8751
5913
8632
9276
9096
13588
19847
10099
7312
7868
24289
5434
6897
7259
4172
2173
8606
2734
5994
22558
2714
1401
7993
11159
3786
21921
12772
4771
11061
4848
9180
11036
8889
7901
6079
5585
5220
3963
743
9853
10189
2420
4942
5908
25250
4931
24629
2835
11091
24334
4693
11101
10960
10432
22404
23903
6366
13457
11667
6269
9674
19761
4430
12152
5836
3459
6249
13576
11437
5341
7486
13245
7460
3376
3567
4415
2303
20899
7530
7852
9362
9407
9937
13411
4
9408
2416
9697
11520
6748
5391
8549
4599
4930
8447
4988
13447
13515
6682
3684
22852
204
8494
9791
23962
7313
22915
11243
6998
22750
9805
4158
12533
2735
24763
7767
24166
23831
1859
2122
10342
12386
10544
9443
9699
2095
8511
10989
11726
9155
2829
2636
23243
11802
2644
5751
23189
3740
11179
8550
646
9271
5427
19897
19782
3765
77
6054
7439
5503
4003
5215
10887
7915
11105
19974
106
10452
21295
8928
25042
10846
20272
9213
11336
4812
7216
10526
19584
197
1687
12458
9344
405
6715
5308
13495
22735
12436
7492
726
1408
20255
12785
19894
8744
10918
5135
1783
776
10439
10068
2152
21680
22215
20706
4762
25022
2181
9723
5985
9570
12575
8591
5176
9983
23727
940
11859
24422
12572
10359
12937
11360
12537
13554
24380
19751
19866
3347
9417
6645
5961
3713
7498
4012
9398
9568
6753
7120
5475
3696
8013
2023
4678
11052
8586
9394
3724
5076
1912
5914
23857
20671
8694
22883
23195
20041
6459
8015
23745
6480
23755
20733
5904
13353
9730
7799
19961
11275
232
10866
20036
23337
260
6703
20539
8636
12176
20135
23798
3705
7816
7488
6227
5954
13463
2680
4464
4085
823
6441
13112
1505
20840
7734
9634
23850
23890
7649
22405
24645
9020
9386
5703
10206
9169
1824
1248
2748
12105
22103
4125
1804
1705
12610
4243
267
9030
12771
7824
25072
6467
21578
8629
21279
11836
10009
5261
3370
3134
24201
24053
7221
24557
6915
6045
2571
22555
13419
11981
8612
6408
23985
19560
4271
5869
9291
22004
1875
21793
8650
10333
21273
19812
19979
22738
20787
19943
1708
24467
10868
10134
3875
6168
7813
13375
2392
5356
12577
10942
23868
12405
8763
13223
24382
11239
8458
20849
13437
2450
4990
534
21831
6360
25044
13368
23752
11815
1832
603
12770
24153
9757
10573
6985
2681
12061
5436
11069
20080
1226
8708
10214
6515
20909
4250
2724
6025
25241
6001
7538
8991
8587
2793
9392
4526
1529
6239
3216
7719
12377
19852
13367
6755
7652
11967
20069
3198
7234
9390
20436
6293
293
8925
8556
20739
4974
9997
9391
95
2859
11786
3880
7174
9736
22453
13105
4686
2028
7248
23989
1464
12272
6644
8844
19924
7990
7696
10025
5628
8646
6151
8737
12430
7153
3217
7274
12368
3464
5765
11060
3102
24420
8963
7881
19685
6236
6320
144
9603
24001
23079
9333
7385
10077
23839
13494
4304
19493
10932
2020
23966
11190
10898
19786
5620
8722
819
4481
10880
10430
21646
818
7713
11441
5956
13374
3591
23731
4301
4004
7849
3437
9167
6670
4022
10092
6415
3532
723
4834
10234
5819
8932
11350
5384
4190
10927
4732
3105
20913
12407
5874
2686
20981
9809
19882
7836
8773
9287
22443
8794
4109
12933
23142
21674
22548
13159
19815
5894
19701
2797
20975
2443
20077
19476
1721
5443
8656
9671
13645
863
25211
13147
9087
3212
24828
20885
3726
10129
19742
22774
9198
13079
13657
13102
5464
4952
13639
22035
5042
6594
2825
4573
4610
4165
9350
21009
23349
20159
21594
7842
2787
11442
12273
4612
24251
6241
9312
10192
4484
3403
6319
13561
9761
12158
12425
4944
5104
19523
21590
3510
5037
3360
710
20281
24577
10232
11470
5605
4709
7535
23921
12780
5893
6574
192
13405
54
10204
5046
23709
24464
92
6372
6578
9642
7781
3523
10079
23941
19807
11517
10840
24244
5447
22218
5959
4027
6078
8985
141
7450
20728
2464
19959
9948
5343
12151
19587
8596
5116
3391
1688
24198
23246
4957
21534
7002
4127
24063
8888
10373
11518
871
10208
9209
7846
7069
21049
7220
11435
11898
23927
9171
13474
13125
22161
12353
12065
9852
464
20059
8560
8529
10815
9686
6609
3679
9193
7315
22192
10862
13482
3019
801
24123
1552
2208
23757
9698
6306
5253
4203
6592
935
23233
24688
24136
3447
12531
20934
12909
23734
23913
12108
2109
10922
2110
23880
22121
23680
7241
9378
4871
7400
10909
6559
21200
8902
627
2992
24836
19796
20922
9903
25014
21012
7857
3156
3852
5332
2788
4993
12328
12490
13070
12027
6337
21518
3221
8418
7848
9284
11905
6905
3120
5206
7641
9577
22010
23120
7441
12165
264
12039
12199
12528
5263
24389
24488
7997
25102
2746
137
11380
356
12395
6242
7470
24288
12917
7084
11100
20000
2900
11986
20997
7121
13139
11065
976
5887
11383
22061
22810
10397
9472
11267
23110
22424
7950
9165
22829
678
1672
4030
23806
25252
10108
25272
4711
20497
6525
5517
234
2842
856
9789
6133
817
8445
11743
23015
12270
19545
2707
4497
9851
6692
8442
9141
10173
1235
104
22073
21596
3044
4740
21184
24593
24788
353
4844
7992
13382
3613
23494
22406
6623
8686
11728
12146
13397
11122
10456
8628
6035
10337
5040
10871
10569
6028
3160
2989
23759
13111
4847
12879
22857
8491
23858
23841
21537
13354
2888
15
5804
4818
9638
6164
8417
22290
2037
11396
3885
5232
19551
10276
22097
11832
3706
2022
24238
11237
4197
5020
12753
8984
48
9794
19558
8500
25203
9345
21152
21195
21348
2742
19556
3721
8990
4815
6917
7127
6504
22981
23760
5457
10878
242
9256
3193
2339
11984
3262
9748
25114
20855
13671
8777
24260
10256
7795
7726
7526
10811
12649
7413
832
12024
5566
2850
3719
2280
12579
4904
23029
21750
20221
13241
13155
21737
7199
4928
6454
10434
4813
24872
3418
3744
13454
8781
2209
3564
19660
10383
4803
8421
969
22461
20689
24473
3758
12773
8614
12511
13119
10528
4880
7622
7830
7981
2924
21181
50
9991
6323
11183
7062
917
21568
19637
19837
10190
25010
22422
11668
24758
23970
6018
4088
3378
5592
12700
1527
5787
22179
2059
2365
1554
6082
19666
5688
20992
22305
6976
9639
2843
10545
5113
20714
8862
5167
4934
19817
10465
5101
21070
24656
23737
13444
13229
4427
10182
7834
10586
2463
6089
19553
6128
12635
9418
8601
12692
7907
2929
21668
251
21805
2817
10277
11833
19814
5873
11805
5012
10195
13436
10538
8457
11929
11481
6464
394
20657
20086
11121
13596
13262
9618
11469
24277
5280
12204
9814
7124
5983
10886
8782
24579
5022
585
1594
5817
24459
583
23697
25001
75
1778
22597
5498
3518
7177
4251
5670
7479
10454
5993
11921
10555
19675
4256
19840
6119
10114
9446
19710
10596
6140
4624
23919
22922
9719
5127
23122
24454
7902
4263
5444
7534
21981
4552
11086
20101
12546
21566
1632
3528
23390
19541
7175
23685
1703
21493
12075
6517
13269
12028
3195
9338
8594
5962
7213
5711
9437
4951
8665
10279
5570
5767
6100
4597
20235
3692
5374
10330
13395
5764
3688
1835
994
13483
10069
2050
23937
3609
13484
4973
7294
4717
1857
5254
22952
10171
930
7874
4542
4006
3792
23724
3741
687
159
6598
8742
2633
21687
3560
10453
24256
25246
4211
7689
7311
20270
23869
3068
19939
13379
2338
24444
5014
3595
24261
5584
11516
2944
8001
23159
20257
13199
22372
10968
21629
21995
12525
11790
9088
2247
6156
11788
7074
5371
7628
10350
20871
9421
11498
7076
5602
3586
20941
12923
11937
1866
23175
2916
6287
10075
3226
9251
3453
4661
4910
8523
2218
709
19539
1260
10392
21731
8021
11220
99
9172
10515
22773
20447
21293
12534
1911
21076
12741
12825
2229
8538
20537
23874
22067
2075
9615
1469
4915
20162
22207
5173
9588
6302
4685
6991
12063
4663
12341
23194
5919
540
1812
10217
13386
5834
6945
12803
4824
20952
8961
3225
645
10554
7252
2892
24814
6440
6350
3090
8648
4518
21990
5246
12556
10023
22645
6329
11852
24144
22756
13549
5321
10823
1557
5322
5416
13281
10962
2230
2198
11389
20243
12849
21553
4499
749
13421
8575
4461
24725
12194
3432
9553
11128
8918
7965
2935
3229
6341
1531
4929
6033
10936
13171
5613
9224
22527
630
20925
6648
5630
3889
6023
22127
21001
24630
10923
9342
24448
916
23902
10494
815
3614
12582
24263
8943
19927
22438
3371
23414
9022
3755
5242
7862
25226
11778
8481
1233
13337
8851
8545
23508
281
24407
6487
13277
13471
3445
2535
402
8482
8711
20003
24512
8514
23364
5478
9182
2997
669
6583
10970
23136
1852
24518
13678
7687
9395
22376
22055
23716
12060
6581
24046
781
3606
9330
7691
24470
9605
19867
740
6786
20261
10185
13594
9941
12032
7317
21063
13414
9622
4031
4245
10235
7184
6322
975
24624
11390
10563
9889
9322
10122
11140
4722
3608
6417
2098
7872
4608
19835
9787
6392
7206
7532
21883
2731
11244
10884
9524
4570
21608
458
20521
4201
24599
9759
22227
5003
8726
21
4302
9474
6502
23009
9987
9202
388
2641
9348
11990
4840
13441
5262
13490
6086
22001
21334
4979
626
10529
875
31
11215
4033
2195
8504
7382
24864
2862
5128
2278
23777
5636
24733
3849
4115
5516
23512
12142
32
4805
20057
7737
811
1874
8753
5713
8723
10106
7081
22606
827
8971
12121
5227
24551
3858
4971
6274
9993
3823
6093
7118
11468
9576
21340
24613
7475
8905
5501
407
4473
4892
398
19593
10980
22252
6114
136
6421
1435
6903
10408
13369
22545
10257
12618
6314
6557
6499
2970
7165
1684
5911
10222
4238
9718
5884
10374
10463
4878
8964
21298
24268
691
7474
6397
10448
6960
12172
11770
12633
4171
22767
5790
11772
22758
825
20269
20696
4854
139
8448
6518
19490
13517
2346
9046
7322
4551
13587
20994
6111
7625
2640
19568
396
1396
6800
5740
19741
3367
9747
25080
5803
7080
13326
5616
10834
12548
1562
25221
460
9586
3113
3838
10832
7073
11992
2739
7193
6773
19861
12257
11376
20227
10127
11109
2719
1393
23881
10426
21635
1625
20360
24269
7567
7792
12806
8651
24504
4626
11125
8434
23793
13230
10062
19994
20511
7761
4155
6498
5302
12246
2543
12113
5036
589
13455
9282
2431
21545
6607
2369
21526
21255
23863
3103
9479
21661
12245
24866
3803
5579
932
7131
7217
12435
2157
174
11194
22601
9433
20372
10338
12422
9476
10188
1510
6251
23853
6649
1394
5763
21600
3933
10406
19958
3095
20800
19743
2845
21025
8748
7197
20683
23844
5880
2726
7819
855
8493
5194
2986
5255
19818
10851
10074
10541
12406
11746
5387
3566
22284
24044
22106
3682
9359
5770
9567
2947
12263
7101
11401
24203
21492
363
2036
8533
20451
5350
9410
4187
13276
7052
11903
9859
3777
20364
22219
10233
19810
10875
5717
20838
3711
11354
5669
3074
284
2033
20972
22796
22187
19953
6747
12322
9988
4029
13480
12596
6500
7711
208
8018
19997
3327
2046
5802
19771
305
22043
3385
20258
19649
22378
12408
6361
9249
11890
3205
5469
20950
6788
2439
3751
2774
21914
8850
20791
5980
8444
8689
3747
6407
4768
2097
12637
2225
7985
9081
10274
10589
24496
22611
6560
8739
5027
708
11809
13511
22249
23258
11787
182
1860
11825
8472
8749
4536
256
5445
8974
13522
657
1863
11720
7228
8477
12126
19598
5236
2838
19496
6482
10143
3157
12557
8623
6588
7855
12921
9756
9995
8566
7946
8567
6522
731
11240
1651
24716
12830
619
21830
5638
24740
6803
8884
13442
11953
21652
10000
10174
5677
2934
19849
24197
985
23948
22459
214
24717
4537
23935
12691
8465
2566
3815
11163
20799
8859
7314
12702
4922
13153
1565
193
23171
7994
685
2266
9029
2533
9560
8692
804
24682
21557
19576
869
5755
7940
4798
2865
13520
9150
9680
13508
2367
12415
7679
22512
1831
12092
12540
4806
7188
2833
1402
8713
3215
12625
20724
836
9559
10587
24632
8755
10391
21495
12493
24988
11945
785
12620
12444
3821
4602
21282
8747
4440
10954
1634
22769
635
4680
22323
13073
3431
12640
5743
23663
21942
6596
6949
1483
10983
6155
24808
23968
4955
6696
12623
2228
4160
22999
10181
21561
13675
13602
9904
5730
19607
11678
6127
10362
8513
656
3835
7295
607
241
4895
9658
5406
2518
10572
1867
6273
10969
9485
22521
11438
7951
13071
12745
12170
4162
13431
8839
8617
782
1410
12069
6627
20081
8743
22145
19762
20434
2485
9873
6582
1941
11325
12155
11152
12561
5518
24704
23995
4927
12348
235
20503
1627
21776
12374
13391
10386
6970
2687
12275
22860
6790
9868
3463
3129
11512
1573
5291
5207
11137
10471
10203
24135
12527
3373
10136
23668
6409
12832
4605
4074
5692
6791
4853
8706
21684
4907
1455
22175
3094
12136
13406
6165
2465
1452
8607
8841
12535
7404
11417
12337
10063
12276
23179
6806
11514
2869
19547
13201
672
13573
12201
5490
420
4492
8462
7416
10146
24178
7307
4436
7135
5307
7318
1491
22550
418
8981
3756
1712
6247
5352
9549
22893
4714
6002
12196
7565
262
7161
3973
6809
22814
8958
3194
8506
10533
19629
23133
12641
2106
6027
4011
13124
9575
11213
4293
10873
5021
5074
20047
5999
12310
10821
22798
19608
263
3537
9100
12192
24569
11958
22294
6914
3771
1454
9694
22856
7786
9373
4710
5274
2534
24417
3154
2694
20675
13563
11888
7484
10053
401
673
7173
40
24451
3145
129
3836
20473
600
6297
3697
1977
21606
22090
5807
4463
7446
5561
9486
5354
19779
2437
4867
1754
3362
5486
8917
729
21261
7663
21588
20851
11870
1508
21151
9035
7882
2795
11373
5069
3870
9044
23959
7757
23237
5460
7688
8540
2432
21752
23673
22213
5747
5383
4257
4156
23694
2454
6632
11716
3746
4820
2436
7409
2570
21905
1626
21118
9411
11114
4827
23057
24563
19714
4524
20717
2505
9633
10973
3745
9334
7095
23166
13672
7435
2029
9662
7271
7194
11727
7089
6288
13544
12657
2221
12301
22947
22595
1149
22642
11446
3228
5456
8979
4283
9469
2904
12133
19879
23897
24830
5624
22903
24460
13385
6148
4925
2980
7525
3752
6203
6532
10493
12084
22604
4621
8760
22895
23178
13593
11451
6376
4116
3562
11927
2856
4183
8645
1400
2773
12123
294
91
24033
21301
11008
4959
7447
3048
12002
23784
2052
1806
11053
7455
19781
11161
4804
3867
4696
11821
10933
810
19919
3006
24812
4469
2927
364
1837
13521
5614
22016
1458
6959
21892
22272
987
19850
20995
5577
10981
23119
8926
2878
4995
19645
12118
20801
11811
5916
5744
5493
5558
3891
10979
7119
21701
19956
4981
880
10216
2379
4985
11032
12611
22732
9148
5839
2822
10518
23003
9403
6997
11037
20164
6088
10916
10467
7878
2876
5381
8908
3894
9290
11800
4117
8948
19653
8507
6051
25195
11808
7405
12388
1821
4724
22278
6902
11971
12926
22997
4568
6152
11458
12360
23146
21532
3839
22198
2631
4092
13104
4998
11505
12333
10316
6150
412
10050
6551
9409
7515
13540
6777
1825
6476
19755
10178
23085
12012
5654
8950
7192
23870
4752
4010
5797
341
3499
9760
8473
9695
5180
20948
5077
2875
2169
3214
8973
3440
25189
11098
6154
24258
1808
4664
6977
1847
22212
4615
12914
7098
8459
5038
5049
2960
6061
22506
3781
1462
3754
6702
21072
12080
24176
22926
13168
9179
6224
4081
6697
4618
19881
5017
9785
7858
5213
8640
2792
1481
5548
23713
23701
7156
5502
3878
4808
9804
22792
21036
2921
20983
12650
3454
5788
11039
11329
9416
2196
23228
8561
3508
4596
21149
21519
3169
8680
1523
6418
8786
2495
22620
2425
5864
8626
9754
24673
11064
7403
2560
24187
4700
22537
11276
12140
2265
20844
4991
21169
24959
4472
9401
3374
12616
21341
11947
19825
3355
13247
11192
5789
6223
9682
5103
11271
9303
11343
23525
9351
12883
24680
7876
22039
1669
665
19893
2718
22636
10899
12074
22414
22368
20054
24031
9617
25212
23348
12628
9886
19621
23725
10900
22370
6003
523
9765
19853
3737
22111
11416
21987
11991
6896
19913
10810
2632
1833
3350
3433
7518
5900
19656
6386
19697
22428
8858
24242
24192
20263
6950
5155
22741
4196
19728
21726
6906
4254
20098
9002
172
6311
11269
5922
601
23689
3424
25185
2962
4866
20223
23795
23979
11176
13152
9419
4992
12946
22955
2998
4253
3681
108
21798
2966
156
7061
9414
13451
6365
20987
22024
3132
23025
908
4094
3519
4794
20439
6272
11735
2937
13390
649
8446
7894
23255
25266
531
23065
3326
2175
19845
11972
12491
7473
12048
5105
5043
10421
8863
24713
5642
22013
3819
23197
5921
12362
3131
8641
9554
22871
22456
24798
12393
923
22231
1239
10141
12609
1631
22608
7640
12354
9036
23204
6367
9017
19777
5417
9175
10549
3542
25181
25237
3722
12308
9798
9178
2124
12367
3550
419
10845
2577
5690
8696
23346
24217
12169
365
7305
22812
20716
2844
8542
6539
3254
9152
3028
4842
10483
1556
7143
8460
3078
2427
22734
2343
23883
19766
3361
7903
22907
24626
13640
8479
2572
10523
10995
6911
5494
10014
9945
5477
2201
13257
5367
19500
21302
5395
19615
21483
11961
5368
21497
25239
9380
4429
24177
944
8916
12132
1846
13267
22388
8769
9998
7865
5471
12831
12342
6400
22155
21033
12177
181
10196
19511
417
8437
19870
6493
10416
2131
5641
9347
3339
21291
7547
12851
20099
20244
2847
4902
23252
5976
6730
1868
7286
7208
3529
9523
22784
10437
9783
23075
22458
10248
3541
5189
24834
12324
23147
1403
22477
278
5271
56
7785
5252
8962
6721
1498
942
12149
7159
22084
33
12112
5652
9140
4937
12129
25216
10595
13
5940
23824
12443
24423
12188
3363
20940
2910
23157
9592
6772
10508
22994
12137
19904
3269
6448
7939
11410
4660
4816
5348
22783
2441
9609
2091
13221
22731
11896
2744
19744
10037
21521
9530
9641
9636
7661
3242
5497
4546
6717
12304
3791
4119
23163
12906
7577
10895
12057
9231
11920
3511
13519
2442
867
9799
3100
11776
24601
5833
2018
11480
20873
22470
23893
22
25002
2715
1532
11353
21111
7563
22885
7948
4654
21817
12156
21268
21528
5905
6116
21048
19962
618
2500
21784
6746
23915
13160
20919
6591
20117
10006
3575
12189
19589
11347
22094
7657
20517
9547
7935
10116
19501
19705
257
5955
21081
338
12335
21890
12789
7571
21560
7214
24736
2552
5810
10982
5124
3830
3524
3563
19824
4941
13068
7480
2846
6336
5364
7285
9188
7856
11182
4622
8972
8724
21804
2274
21592
9229
22859
19888
21388
23165
6264
5861
11455
13446
20440
6816
2217
22324
8429
21097
7116
9382
909
10387
23866
20993
23906
1800
1671
12864
5188
7082
3016
21647
24592
8838
8520
1482
13592
4179
20892
5574
5756
8845
23983
11773
11500
6041
2112
11281
7861
8738
11663
7633
4131
12916
11459
20241
2170
11231
7681
24502
3605
10904
5809
2701
24778
2831
3158
22022
5781
21900
7258
22795
10225
993
6506
3820
10571
5273
21140
11933
8975
20366
2509
23929
8764
3329
7970
24486
1838
23495
6071
2244
10102
9653
5138
23514
11414
22047
6399
20897
13322
4098
20481
8931
3802
2062
21992
4247
168
6298
9095
21126
20453
13340
10881
20595
22098
24672
13609
2039
3146
8436
833
5237
21982
6798
2126
11234
5901
10250
20229
20923
6256
4893
5702
8557
9645
11810
9881
6667
8732
5511
7433
2123
9099
10401
1513
12793
5847
3021
12349
23152
12144
22275
24167
25213
20903
23710
1802
6117
8672
2154
3119
20920
24169
13434
2849
3420
7424
5725
24699
7796
10935
10100
10167
2340
10067
21799
7085
2830
1752
2706
25037
7075
8554
20509
24686
10440
12077
5393
9741
21073
13504
20009
22302
9939
25230
4786
23872
6602
10130
2482
20938
12652
11260
9086
12939
21297
24876
10958
4748
9514
20720
11855
10101
3811
13339
8913
10117
2063
19760
11038
11418
7329
8910
12428
21895
4863
5938
4745
2281
1815
2821
20252
5543
13164
1613
7706
11327
4113
5750
20224
11738
20970
1616
3395
19672
6983
6444
3448
3848
9219
4456
10390
596
2184
24475
12506
872
792
3507
9849
2120
11457
13355
5353
2811
10462
5560
6485
11717
6456
22085
90
19570
24271
7166
2893
6501
2259
13148
237
826
13356
3540
2055
13550
6255
25233
22131
7494
6313
2810
4090
20442
19874
7265
292
8699
3352
21186
19976
4184
6993
13677
6733
4755
11108
1494
19985
5247
109
7511
7448
19532
5063
2077
22230
216
191
5488
8582
12510
5912
8526
5858
11003
2035
6794
1224
20854
4267
19625
21135
22426
9544
23688
24676
10912
23843
12036
12195
829
3417
25057
5297
1873
2957
11734
20111
6013
5335
1650
525
22114
4185
10070
11090
21019
3167
25270
9672
6693
9389
3022
4675
10265
19691
2158
20865
7272
8791
23789
8903
5329
143
5264
4682
10128
3993
13633
4305
12035
23500
11522
11842
742
6263
7810
11718
12365
24376
2894
6679
12399
12655
3748
8522
12185
4129
23836
12622
20475
2737
6049
7656
21833
2194
7800
11393
12769
1870
6987
22626
7680
10139
5419
3770
9318
9571
1879
6978
2579
640
11428
5798
247
7269
21259
9883
23827
19808
9254
13412
12826
10500
8644
6883
5484
6215
10105
1223
2407
3709
4772
12079
5489
4286
24446
4244
6404
24125
24983
20038
22766
3817
4588
21631
7823
3505
5296
5607
5472
3107
7302
5583
391
20956
2926
4691
20973
990
22267
167
707
9585
10151
11719
10368
2782
5708
13648
25060
23944
19851
11509
9379
7581
8875
24810
8635
2386
10179
36
13524
7522
23345
11072
23946
11056
13166
10987
21121
1215
12320
11273
5071
3490
6253
6066
19521
10828
8756
9168
41
19863
12459
9943
8609
24874
4677
9580
6461
9597
19933
20062
22973
10849
6496
19750
13253
21189
7759
12441
9444
7841
6351
187
20921
12103
4173
7168
12764
10561
8720
1786
21772
21270
21324
4912
9513
22932
13617
7845
9607
23035
10016
21469
21170
23240
2841
23896
10144
10543
22619
24719
4744
21358
4275
1876
4482
7739
4078
5450
2211
1785
5726
22177
7442
7744
6222
20957
23145
3703
20137
23417
12541
24670
19889
8539
13537
4441
7743
24395
10417
6030
7738
8857
13364
12402
971
4716
6017
6554
9986
12951
5342
4728
1882
12417
5727
6230
21658
6391
20722
599
13606
5298
21347
5160
7741
3116
7797
2852
1801
24183
23889
10560
10479
23891
21580
6664
13528
25054
9623
6615
4540
5223
5541
2371
24365
3520
6577
9228
889
21998
25005
10010
8941
3491
24495
4972
22468
6057
12744
12522
7509
25075
11223
2166
4896
25229
24364
11867
6455
4195
8922
5639
7151
20023
25243
6633
21137
7573
671
25227
23822
5768
19517
10580
4756
794
6767
9687
6015
20881
3702
13149
10451
8004
22031
19823
6736
4189
5815
10475
19722
22890
2345
11386
11287
3559
12338
6566
22991
3768
9696
13243
9031
23659
8921
7508
1827
6770
8541
12268
12529
22923
7516
24939
11077
24561
24690
7064
8580
13622
19892
20918
4309
12607
21659
6568
2990
5745
1869
5856
1872
8461
11519
21922
19858
10124
24981
6167
9399
11487
7190
12645
3742
3733
9247
7551
5452
565
4073
23200
21743
11247
11371
7514
22398
6491
8746
1232
22957
9368
366
5319
7200
19826
7988
4575
10877
5433
11835
9731
9415
3872
12418
22433
21064
19562
1724
21959
7297
8701
24348
3423
21173
10487
6056
13323
19566
10078
11793
522
20029
5970
2301
150
9309
7478
11525
4789
3736
7141
4956
19533
22770
4681
1502
4284
2953
384
5891
567
22012
238
23238
23031
5600
5057
1822
10347
3509
5626
11044
7728
20140
5553
13150
11141
22224
22517
11436
2102
2781
13381
24514
12008
3585
23740
2915
23064
21704
3887
2736
5760
23810
21582
1306
6471
3189
4673
9525
9646
7209
8588
7440
3546
13491
3389
162
10145
9543
8662
9065
6477
22279
11406
13336
4585
6769
23917
4708
3230
11285
8870
5495
19842
2956
1820
8927
12138
4609
9872
10551
10020
393
8705
7886
4157
4619
24777
184
24838
10814
11471
6612
7279
5978
6212
6355
22928
22949
11193
219
13415
11976
3800
5130
19868
19860
20105
23017
8430
4785
25240
5110
11712
9865
6675
6683
2891
20116
4298
25222
23664
2832
3749
12599
461
22258
21676
11475
10520
20108
10017
7423
7540
3030
12524
12072
22202
23487
7058
4983
2267
12347
12267
9792
10836
3240
12356
23873
5672
9068
10231
10255
7987
6527
3450
5499
21088
5051
7692
89
9192
4823
9717
10169
6378
22826
2799
12648
5132
21584
5158
2021
3246
11731
12873
100
13651
5868
5705
11780
19910
3865
23794
9803
23791
4104
8486
5018
2945
12344
7827
10035
5675
21818
1496
3868
604
3739
13440
23911
22083
5078
4468
5848
10882
3864
9082
4240
5931
6284
19952
12070
25183
13268
5216
2745
4128
12179
4545
10939
6919
22993
11124
11511
541
13401
4444
4662
9683
6921
9042
9473
7772
21558
6955
10988
7162
4672
8669
5451
10975
243
1571
7709
24449
4676
25020
24224
2013
11504
3515
25025
21602
3455
20924
21823
9871
9361
23407
19886
131
19827
9612
5924
4894
12383
20946
5389
9542
20708
790
3913
1501
4241
24172
6514
2951
21633
22431
9043
3152
1246
8874
7189
5108
5996
6907
7186
4954
9521
3572
2504
13133
12748
21046
13423
3330
9735
11341
10570
24727
11966
11906
20063
4437
5673
2497
4832
5510
13536
6289
13132
6070
21919
9447
10082
3902
5183
22897
4168
8642
11474
25063
10913
8016
11362
10226
10107
3504
629
9860
10363
23007
7110
6899
8532
1575
2806
2501
5925
1842
5355
12059
2249
19763
4307
23156
6406
6157
6673
4837
9222
12911
1467
10830
9632
7755
4169
4784
11483
20021
2410
21813
13228
4431
873
6019
24596
4266
2455
3031
13539
1377
12568
122
2582
5968
5260
1633
21021
23867
23706
13629
13107
3368
20971
21108
24748
24482
4694
10336
20986
6214
7637
10357
10427
12504
9263
5142
22367
7705
22465
3790
4204
8637
3517
933
9566
43
5724
9722
6162
3967
10394
5041
231
20260
23413
13146
2917
21322
21316
19613
24180
2165
2563
8776
22475
4538
25007
61
6091
1229
11460
22935
5372
11503
4194
11162
6303
3822
2010
13456
20545
6481
6754
7647
654
9691
9801
5656
23846
883
2008
25278
2178
598
4571
3554
23013
5285
3170
6371
4258
11045
2952
3846
2413
25244
3685
2785
10847
3856
11225
9049
9286
8849
21136
22450
9551
413
2689
11970
6364
22629
7658
12316
20247
6573
9745
7653
13647
8428
9236
2490
1489
24287
29
13625
22920
2223
5587
12378
8986
11284
9404
11375
3545
2270
7971
25264
25112
21336
21800
784
2245
3854
6589
4105
1484
800
2901
8476
6994
19986
6280
13131
6113
2489
2877
25087
11218
2337
13371
10404
10331
23905
23088
2429
6792
9305
5757
24061
2693
151
20002
19876
8625
2398
11864
3159
1823
21634
23877
4490
6020
7108
9080
12014
7867
24675
7270
11407
12918
575
9436
10213
11189
12699
6918
13156
4205
3690
6519
6956
12536
693
21153
6510
6528
5875
23270
44
9355
11670
6277
4210
7196
9402
9465
6443
13264
12520
5886
24953
10252
13599
9614
12260
739
13600
10839
10266
19670
20053
6731
10353
11075
12043
10566
6728
258
7260
3788
12782
21188
21733
24565
5850
13145
12532
6805
3070
22817
24711
13398
7941
7280
2985
8518
5161
250
22446
6295
6636
24285
7986
674
10937
5392
20977
20278
9795
9018
22590
5118
8871
2580
23677
21971
1979
539
13116
23154
3117
21650
10835
20039
7099
22954
3843
9147
9422
20878
7237
10352
7880
6765
6462
7665
21780
21360
11010
4770
5363
22007
5326
19855
21499
8423
7968
21343
6137
4013
4114
6445
12570
3410
10879
13644
2468
8740
24743
8525
424
1776
12366
21326
3961
10220
93
6
5440
9793
13378
11204
9173
24583
21944
684
1026
19862
19484
5662
13117
1407
573
3753
6076
23721
12766
9370
12357
3252
22825
19586
2068
9248
23969
6593
8911
408
9226
11245
12203
9456
20477
2979
6228
11467
22232
3366
2019
24589
4845
13568
12157
22889
20078
5948
2857
4811
9106
12326
5918
616
1509
6972
10031
866
9610
7982
6699
13233
9325
4019
8887
6570
2071
10423
3266
1805
7164
11057
12507
22943
12274
6109
21000
4897
24774
7763
20988
12160
5963
12925
7897
111
6584
25026
11102
22462
7893
9621
12936
25200
11452
10393
5829
20249
24455
7126
5631
6516
5679
12005
8634
6710
9579
9982
689
5186
7495
28
4980
6375
7497
2180
22157
456
22740
12309
11664
2456
7071
5643
19982
6579
9356
1670
23077
7623
12091
25008
12590
10245
9750
3043
608
23051
10083
2777
22171
1807
22095
9445
7533
12090
11251
11377
12178
737
3727
8906
9738
13162
12085
24754
1798
5696
19605
6689
22989
3462
7531
10888
4159
5300
12632
3955
12757
9358
20752
11730
3899
20661
12345
8923
5890
24977
3816
2385
2222
5442
13232
24329
7967
5935
22969
21882
5449
11983
9512
4919
11099
20107
7263
4913
10345
5458
20910
4023
1652
24595
5621
4442
6260
11721
9076
9186
3467
22416
19778
10816
21907
20901
3897
7266
2908
9463
4874
12800
4465
6947
6796
21010
20050
19838
5048
24336
7815
12376
7489
538
24494
12617
4727
10382
10246
10438
2276
4810
10348
22183
25187
12567
4035
11973
24769
10994
6507
2713
8495
8707
11014
6153
23909
7871
4122
25242
5339
13630
23666
6641
12787
13597
7923
24151
7546
8752
21682
7278
9797
24693
20679
21013
22898
411
19950
134
10344
2791
2148
19965
7428
6750
2824
11062
22221
21484
25205
2417
1488
2837
22299
4077
5058
8470
23771
5731
943
21946
64
4882
3784
1828
5282
22746
23336
6511
10080
623
6542
5927
2809
5320
22087
22553
24786
19846
7782
4884
8757
5678
5979
3210
10477
24822
5668
12305
2553
5491
11908
2730
6149
22945
20968
20712
4790
21123
20691
11270
3951
4268
5053
5846
13180
465
1916
24573
4523
6069
1228
13673
3190
10045
22500
10919
24425
5382
11462
9643
6913
12313
7182
5098
20895
12120
5867
3377
9237
816
2895
12658
19875
1404
9189
3434
11370
1245
9885
22822
20520
7731
1150
10264
10041
5029
7146
2233
2898
7802
5984
4209
19704
11665
10819
25031
24642
11378
3256
13479
5468
11394
20120
9535
5779
13574
7449
21486
10576
3776
1188
6489
189
7790
12875
22288
22000
12756
2104
9324
22403
6550
9314
280
198
9207
24283
12908
3730
155
19896
5780
3082
3188
24227
295
808
22808
11226
6712
12587
2826
4881
23458
19752
5065
12426
13413
10168
5627
2646
8980
3798
13138
22663
11828
12943
19797
7777
7840
5852
11450
13410
8848
22482
2167
12544
3444
248
8717
25218
6714
7648
5941
12094
2038
8420
1398
6587
6508
3435
3907
12558
587
10486
12643
4161
13242
4417
6317
8989
4075
23776
20963
4697
12001
4280
4773
13227
19574
5470
10263
7130
7784
5386
10468
6819
3871
6732
5126
2061
6221
21559
4721
3582
10809
9050
13551
12552
22614
285
11252
12584
8955
4674
7678
2251
13465
10197
12743
9264
23712
21115
24200
5205
21177
5210
4996
5361
3171
10060
2380
23086
5315
20143
12927
1884
23692
21691
3583
23804
20251
11382
22002
1500
9864
23048
1795
21955
6315
3328
3458
6624
724
10121
2263
5723
1468
2512
1578
9034
941
24186
9892
9223
5314
6892
5448
7427
9649
8589
1689
19536
7745
5249
23796
6526
19800
5402
12619
20114
3552
10039
12827
23340
13077
3037
4276
19992
5179
10876
8727
11827
19799
20230
2805
10870
5487
220
23011
6142
3494
13424
13402
2041
8795
12646
5373
21028
3796
22251
2688
103
10488
23971
11228
5796
697
12255
6124
611
4699
13636
12162
9739
11444
2396
11337
20092
12494
2803
170
24384
7877
5665
5239
21102
8695
10964
7157
23526
51
12190
8003
7942
10388
5139
25
11745
4877
24421
21969
9420
2113
12569
9861
261
4475
10002
2853
13399
7139
7384
9626
2428
13667
9365
822
13646
19689
6330
1258
9294
201
23954
11085
12248
21948
24615
7105
6059
12634
8487
3421
6727
11657
21394
2639
7801
24134
12624
4502
1572
6007
11219
12521
11850
3723
5773
8710
8515
11680
778
6052
3514
22255
5632
19784
23977
25088
23849
9858
2938
166
7152
6724
4905
19497
19773
19756
9775
3045
4024
1855
12882
13428
6296
12033
4948
252
9427
7087
4809
2642
4868
12250
13626
21739
9352
7684
8555
19921
5030
9166
4447
23770
24140
775
4174
1392
8867
10024
13106
24611
3208
22407
6102
3084
10343
9019
4583
24480
9023
22319
3346
21985
10207
21655
9423
7721
3718
7991
3436
8484
12030
8671
13512
7148
7496
594
21775
25274
12742
2397
23826
21330
21087
5396
828
23834
23859
11349
2699
13165
21774
5684
19567
21147
8789
535
6745
21816
13103
3200
6720
12038
19754
3439
5972
5898
20856
22538
11154
11955
1577
5031
10817
23700
12100
11217
5960
13650
813
4036
9800
1691
6275
8956
12797
2185
10516
7145
22504
10552
6766
2907
9949
9843
19749
146
8715
20282
5942
22189
4737
12434
13534
741
10444
12697
21656
9782
5786
9241
876
20904
9037
10320
10929
12703
11741
8007
2883
8677
9808
22240
3704
5258
10047
6048
11494
5405
907
11954
12329
306
12571
24366
9196
4890
11960
7430
6674
6305
6040
24055
8431
2159
19505
21328
3501
8503
5351
6556
125
12874
2451
22028
6123
2848
10418
5581
6989
7979
7283
9866
5741
11363
11939
7219
9985
21766
8468
19931
2076
6276
340
2635
4924
7065
23728
7921
7671
22059
12869
5746
148
7812
20027
9565
5936
8914
24498
6145
22065
3957
7624
12019
4828
24938
9074
1220
22481
5197
2212
12254
3108
12778
24818
11817
6895
622
10411
13408
22409
5823
13467
2931
4839
23739
13500
13362
588
12141
12056
2467
4670
17
4888
6628
2162
9200
7676
24602
4908
23082
19627
9601
6038
10236
21745
21965
606
3
9400
2778
21688
21734
5837
8450
20275
1533
9751
5644
24456
5514
9308
25004
21522
9296
10055
8673
12774
2344
4467
11040
2487
11449
9077
7079
19977
3995
23773
11871
22455
22408
4242
7912
13497
6005
20984
9538
720
22820
3806
22498
7215
20437
6738
2925
8497
2064
3325
12321
2160
4151
12440
8733
279
24867
9688
11254
20126
22827
879
20859
22877
12559
8676
10104
8718
536
19590
21080
7222
3882
3604
12796
5923
9239
22761
21963
12808
21664
20026
12912
7889
4470
1264
3136
21527
6817
12006
7884
6205
23192
6713
663
13459
3965
11202
12398
10270
12
24606
9481
5238
9489
6080
6126
8953
9369
5122
6310
8735
7459
4843
13177
2193
12307
21318
24399
9238
22737
13450
3495
11962
2433
6359
7995
4121
2537
22295
2054
9041
4885
10813
3232
5715
2648
1225
19783
12929
10341
13179
5203
152
11994
24453
11486
2508
8856
5398
20541
8836
11887
22806
1240
7207
23149
12093
8942
12052
3387
6363
13198
2784
24393
25262
23242
10449
11677
4826
19507
10325
22530
11051
6285
11012
6050
6087
19654
10054
12202
20893
4550
2536
6737
9331
3898
19730
803
2248
12853
4485
3530
22296
4763
21144
5385
23675
5312
21533
8924
4743
9320
23143
642
9533
13129
22254
9778
10976
9269
2067
5119
342
11861
7916
11095
12944
9260
3568
13476
10894
7660
703
10098
4765
3139
20905
9307
23113
3588
7714
10319
3142
5657
12907
2710
9295
21649
23907
22439
5735
19998
22141
7142
21653
2974
6270
19833
8758
5778
21786
6159
9742
22631
2800
5593
783
1836
4969
23184
9455
24179
4008
20740
2638
13496
8846
21285
5201
9532
11886
24745
21760
24511
23247
6901
4886
11355
13486
8882
10400
21103
1910
13193
8919
21099
7798
7765
3789
7232
10253
22830
6402
23153
2012
13649
8008
1564
5231
5481
4541
2733
10198
24194
19906
5569
22380
12615
24709
7517
2678
6910
10032
695
21178
9488
6146
9725
7457
2
4671
8422
8712
12323
10040
10375
10455
3236
22086
3535
4829
2540
20700
5268
13363
5378
21096
20238
6327
3209
7717
23161
12647
22135
11679
4787
4005
66
23718
8517
12791
22775
4797
5222
5492
8019
2712
25083
5317
6759
19513
21562
22983
2955
3775
7892
7418
5974
20942
5513
8987
10034
10205
4535
3357
9281
21797
9990
10442
236
6643
9094
6383
19727
1569
5973
23987
5107
23352
12258
13562
7626
4932
4130
3451
5843
12037
12439
9289
3469
5909
11332
10920
142
13464
8704
21516
22763
2812
9936
2272
19617
25029
4749
19989
4958
22958
9902
20929
727
10271
7320
4921
4587
5892
11133
20876
6044
11777
13552
19801
20655
24262
12259
12801
22502
5771
23180
10111
7887
12046
22496
22591
13481
6286
22772
7983
22623
8615
9438
23062
9737
2262
1646
12034
21158
772
1779
7703
5141
10420
4291
7432
24605
2581
9875
8679
3430
10405
22430
23230
9072
3859
8784
7093
8563
20667
570
6662
22748
9396
13272
3607
4299
3558
23751
2977
9562
6563
8842
5694
5649
1555
1247
11266
12560
107
10011
3018
10243
9770
21626
3402
19898
7109
12150
5808
7290
9067
5676
24857
13225
7374
2780
10445
2093
12601
19821
5455
23
10903
5039
11004
2254
9397
2017
25271
8603
745
2554
3795
8527
719
8949
3054
5792
1504
13273
8785
5997
10354
23522
8478
9518
7298
7686
23698
13157
5545
8652
13222
2905
5594
13548
22264
13448
4476
21271
4792
25275
12550
13237
24752
625
4747
22650
12427
10269
21685
19665
5075
9451
24458
5182
11909
20264
10369
11186
19973
13236
7685
5166
7783
2961
13492
10848
6718
3412
10085
20985
12135
47
11191
5749
11711
22125
3180
6764
4688
5365
2469
12763
6096
5175
10869
5582
10863
8577
11395
5934
3471
10093
9573
7662
7407
20457
10135
9426
9255
21672
21503
19693
5946
786
23274
23715
1628
20044
2045
6110
13114
22917
20093
7140
9388
7303
12404
11264
12857
12588
7629
22781
6484
21332
9595
2382
870
21618
9181
2995
2836
3263
2909
537
9994
12863
21502
8616
3561
19911
13542
4966
5840
5428
10284
3166
9558
2548
9339
20087
19925
5034
9807
6483
4733
22644
12363
23993
8725
5446
3783
10474
20461
22777
2438
1883
9257
6016
10967
24765
2153
4084
5032
10091
21100
3411
21079
23444
12905
11388
7180
10577
6258
7722
23833
10028
2027
659
25231
19829
5805
23050
8498
2740
4719
3526
4543
2470
19554
4758
158
6248
22547
5640
11387
3600
11126
3261
23510
8471
21903
7456
13674
19822
23023
6075
9381
19639
24609
13151
24403
9845
3036
12754
6813
24000
24401
22765
7712
23703
20495
6207
21027
3149
5028
24849
25201
4102
3127
2341
8881
11950
9869
22908
11736
11398
2949
35
6216
4961
7155
12163
22609
11924
11495
13566
6358
13569
6992
3172
23733
24463
24515
20125
12538
2802
21994
12125
10928
22292
2409
7169
3761
3597
3426
10241
1528
7452
5177
8452
7814
11874
2550
9786
10496
7236
8608
644
22077
8883
4269
7776
4738
21280
12930
6548
10957
4016
6820
5899
2969
7154
11999
13226
9477
11656
10966
10349
6653
10209
4760
3349
24987
5045
8885
3698
7659
24138
11127
10409
881
3124
7125
6475
3787
12516
12776
8968
11156
25199
25104
4532
127
19559
7198
5340
22032
25016
13255
3837
13231
13074
8901
5461
8912
4967
21640
7730
9144
4753
13357
6134
2458
7574
3004
10084
11873
11070
2453
13234
13240
12062
10956
22260
7847
12340
10864
4960
24636
7963
11334
10260
3336
2727
675
9984
12613
6211
9174
9478
7224
5287
6396
12127
9412
3027
12311
383
8553
21934
5596
3555
5001
10991
21822
9528
5033
21139
23520
6984
6923
11120
23851
22961
5269
12055
22833
1854
2025
7254
7959
23695
12519
11178
24065
4277
11248
5011
20035
19790
10902
2494
6232
13579
3699
22835
10015
9548
9047
3799
5622
6793
7844
24147
1816
8454
22282
2976
23164
3929
23730
11344
10542
22617
23090
3353
22390
24783
2368
22492
7909
11221
3521
6705
13194
9767
2404
9862
23655
19602
10492
8576
5949
24844
4100
7888
19916
20134
701
4531
21930
12175
21067
25273
25017
12762
22023
11482
10322
5619
12318
4718
566
7328
2191
2677
821
787
12954
4529
5567
8427
7579
2994
25081
5284
11814
82
13332
21742
13127
4780
21389
12639
8475
12419
6420
5149
24517
13118
9660
76
9275
10317
6120
2234
5920
5157
13330
2472
5975
13526
4976
4783
10460
10940
10335
9467
2186
23144
735
1486
1588
10228
21129
7493
8425
9321
10340
718
13485
3187
12264
22266
2168
9376
19964
9143
24949
21069
5467
5739
23000
23838
11405
2839
3354
771
6521
11831
10061
8489
24236
10856
3522
1574
4025
24804
12495
6635
9540
6630
20998
13518
5473
12029
5828
11059
5401
13137
215
97
11328
10001
13487
22236
13643
2941
5683
4101
5637
704
9891
22100
6470
22921
9484
5225
12400
3506
13128
24489
25276
23138
4592
8005
20710
8485
21187
24587
11926
751
8999
19836
1397
8920
6073
19
7256
8998
7926
12109
20996
11104
10857
21387
24658
4939
2637
3109
3617
19504
24173
13618
12854
12442
4999
13383
13333
12420
3222
9655
22603
5943
9616
10441
24506
21006
5056
2084
22913
23037
21130
5634
23139
6795
6047
22057
10159
12303
19550
12899
6619
11792
22625
8020
597
1782
3137
9581
6463
5521
5015
938
3579
6995
2342
25152
2968
57
22610
609
22552
5100
11907
12775
2775
3388
202
19865
8435
68
9677
13503
7436
10051
2887
200
5146
20764
8585
4940
13163
8721
13266
2484
11824
21050
23053
20989
20071
10844
6535
12355
6520
13246
8664
4478
868
7697
11841
1880
10049
3498
9454
6062
9457
5571
2060
12605
4656
11326
6552
7771
2544
11123
6538
5610
22027
12698
4679
22816
3888
11
10531
23949
5680
12604
20886
9464
11197
8579
5700
7898
7969
24638
20862
5347
7996
11198
10244
4590
2507
24555
6094
7751
24816
7437
3191
21488
20697
3400
24006
3456
6912
20066
1570
19725
23657
12848
2219
3780
1254
3002
13239
21549
4574
5813
13466
12574
21614
8502
9777
2779
3415
22415
9650
5826
22941
11357
9360
10191
9385
10583
10482
12336
6688
10581
8456
13533
20673
12381
3133
20965
12411
6453
11286
12818
10874
6042
2107
3185
339
4007
3032
3405
3034
10536
9051
20032
6740
6279
21084
5304
12251
5859
3763
3818
4281
23825
21902
8508
24802
7999
25050
5555
20939
4091
10184
9066
11432
5698
462
9161
19753
21525
337
10984
2988
7114
5192
24059
2405
6072
698
7863
13154
6576
9221
4020
21196
255
12950
5754
10986
2065
12181
8766
7291
24164
20685
5380
9268
12870
5762
10162
19856
12139
23855
7756
4870
23135
11335
2149
21886
5674
22873
3066
24141
22899
12565
1826
12076
7376
9
21473
21345
8771
22069
3088
19890
8945
5198
857
4984
5301
7582
10562
5969
22641
13113
5509
10148
24248
706
632
22263
457
5515
4746
21641
11006
3380
4781
19795
7107
20123
4862
19528
2024
4206
7462
20976
2377
24746
9692
10163
23198
23089
10527
6916
20014
25258
25234
1749
25069
19936
25207
10278
10038
20544
22967
21155
1525
2255
22322
13613
9313
5707
13066
22984
4443
2205
2049
20266
8728
6290
22471
145
5883
6958
2252
11932
11403
25256
21811
5568
20860
12626
9460
7788
3551
24163
22910
4795
1751
23682
12900
7715
12097
22904
5
9253
11256
8597
9191
11897
10282
7425
733
12252
5967
3845
7575
10029
23746
8501
5603
7481
2250
6948
6373
4707
10514
10522
2741
6090
4471
24481
11934
6711
5496
5432
7768
24590
1746
21782
6486
24346
4308
4734
4766
9274
624
5044
13252
13668
23775
3219
20226
831
12871
22879
244
13280
3759
20958
9104
9878
22006
824
10089
11203
4801
4199
8976
13461
5547
22441
23203
20513
21350
12022
112
8907
9679
19768
19669
8681
6497
1799
9594
13425
3144
12910
3959
1862
23852
4124
11153
7465
10170
8631
925
11369
9266
730
2804
3025
11253
20916
9669
5520
2236
6354
9773
2188
24155
1690
6533
22147
1495
9185
10578
699
5482
20967
9887
13564
11268
11501
22671
712
4000
2387
9582
13169
21047
11205
9606
10158
3096
11007
20961
9744
21141
8698
6893
5485
11351
20884
2499
6170
3812
5564
13631
11229
11733
3438
19596
23207
21356
5782
12339
22628
8994
8904
13570
9244
24295
25032
9084
13583
2130
11199
20848
3351
9574
12358
11427
11212
4455
22887
8959
2987
11155
13427
5250
11054
10385
2161
3728
6416
12198
10224
1262
25074
19580
9531
10914
20699
4106
24855
414
24049
12256
3409
7536
23027
4261
23162
3527
7934
4474
3204
4237
5241
21078
802
6405
4759
2868
10931
5758
6377
7831
12746
6957
3874
22396
7187
24450
7401
13615
5362
11340
7300
8509
3543
2940
860
9026
2690
8670
3581
10978
5305
21275
7638
3161
10126
6243
2914
7483
3578
22237
5663
12644
9375
7746
9657
10472
1514
21616
5895
5783
6569
24796
10247
4191
7243
22916
10268
732
6173
2743
8967
5218
22995
20906
10259
8002
2051
6698
4009
10133
24840
12902
3853
661
5971
11771
23778
1611
12433
1399
10086
22762
9319
12148
12317
22891
23235
10436
8583
21620
1775
21043
20936
23847
9458
2374
5234
22030
6108
23876
12128
24771
21307
2747
13338
5005
6952
906
11342
23047
13634
22912
9160
9613
10447
5123
658
5170
11282
5235
6334
5337
12171
20932
5964
9563
3026
11843
4879
12822
266
23176
21551
2828
793
21938
3716
10959
23140
12784
13507
7092
21515
1877
6390
7583
13445
4419
5862
8788
7104
21705
7408
10525
3220
3492
6294
2007
4850
5929
6801
5845
12904
8593
7910
10827
8697
13235
12886
10446
12514
4015
10339
2116
9413
11987
5851
21756
6345
21154
4849
5950
22516
11524
680
446
7115
7733
11489
8954
5830
10574
5463
12783
11339
12416
6975
4123
524
2871
8969
3468
24195
6036
22586
23389
9584
24452
7191
19776
5228
6099
8861
7769
13360
8929
254
4424
2711
11974
2919
22297
1844
11978
12809
10498
12015
9162
10818
404
2652
12018
22015
21746
6177
22838
7839
7972
22045
22656
1025
12779
3569
2406
24644
24963
22239
23339
5330
11493
3182
617
13342
8654
11246
2099
8432
10808
12370
9142
8957
22488
5774
19746
22112
9270
283
8936
2576
13197
6163
21898
19604
5061
6058
4791
2474
9483
12794
7700
9316
24761
11823
11902
13358
6771
7806
8982
11812
4479
20110
10461
13365
6237
7268
3267
24529
8687
3881
5408
10004
23170
20068
2171
19880
9297
22654
7422
5721
22019
572
10273
1221
2984
10254
10073
19695
2085
1885
6778
21105
20445
705
4181
6900
2794
20701
1591
6004
19564
959
5013
6291
5096
1940
10156
6954
10476
4167
6043
13477
23188
2732
83
12856
2532
22599
1566
24476
21075
6374
19702
4273
7136
22824
9288
5691
11838
3556
12804
10370
22900
634
11936
22800
8688
4703
24266
3594
8012
13567
5400
3130
7438
138
6751
6651
4903
24741
23887
7890
4028
7132
7984
6776
7468
7729
1463
10584
12110
1237
22647
20947
14
13435
19946
455
3773
265
1490
2807
11928
6531
2457
9670
1534
2009
10419
22300
8709
9772
6925
9788
7747
22854
5981
12545
2108
4977
7066
11513
7693
19720
5710
5270
6395
8666
6889
3017
24738
9199
5580
23840
8683
650
3110
639
569
7230
7053
6388
12878
9550
7864
11259
13265
7304
3833
4964
4989
9675
746
6541
13627
6332
22063
3406
9101
6774
2867
2174
9508
10594
2559
3743
7818
24729
19679
3203
647
22205
4986
45
24633
8627
53
3712
20518
5512
4164
4491
21082
7453
6144
78
13676
1702
13069
21795
2539
9901
9802
19736
10943
5812
11404
9981
7067
8438
7550
21299
7063
20669
8011
10841
9784
19488
8464
19610
3427
1645
12953
21352
6540
5441
5799
7383
13387
3098
5431
8793
5872
13553
11975
924
21538
1886
8624
4855
1723
8947
5838
12312
4285
5522
11492
6821
8937
10910
24265
9301
2471
13258
12941
19662
13546
13331
9989
11995
19486
6370
6292
6225
25077
6245
10892
24416
13372
10588
6011
7211
10201
9215
6143
8939
9156
8584
3111
8965
9450
2575
2273
6217
10924
6606
2561
5318
8496
10459
10103
11724
3589
1878
22675
9611
9315
5151
20433
12183
19885
9300
5283
21338
11499
4701
5376
6343
13559
7964
7943
2268
3341
6634
24372
12020
4493
12515
25067
12602
10261
11033
4434
8480
9667
7421
4859
24342
22862
12265
2881
7235
24257
2040
21730
23736
6787
12498
6238
21003
9625
6271
12790
6328
13506
13202
24142
7181
9328
12749
7770
9517
7316
7112
19499
24985
21973
21192
7822
664
3398
9337
2939
22118
7202
3923
3694
4112
5876
8562
4460
4547
914
4683
11957
20267
24842
10223
3397
9604
10378
8009
13370
5145
13426
10921
4300
7524
4857
22234
12542
7163
20863
3393
11453
5010
1251
3610
2390
24073
24230
9758
9578
1499
11042
6240
3029
11979
2366
24466
10118
132
12949
20102
3720
4997
8621
900
9880
20734
4723
22081
26
20951
25191
9856
12007
2818
6953
25056
4962
123
7998
2492
203
7566
11058
20882
4420
7399
21109
25210
3141
21190
392
3618
9720
21961
4620
20731
22394
4262
19769
807
7820
3235
6529
140
3053
10351
10012
19542
6465
1261
11789
21547
21490
13531
4865
12591
20015
5292
7276
12058
21035
22638
11868
2197
7178
5590
12197
3596
6909
6031
12122
3020
9933
13580
22514
6394
11379
6503
23861
12788
3931
25023
6626
24292
22979
10380
3927
12051
19944
1720
20969
20703
4970
2948
3925
5377
10996
20879
10376
2094
3503
11980
4026
700
268
12031
12200
5212
25064
22029
1485
22261
9097
4586
23749
5016
12583
16
4943
20065
3115
9979
12131
22199
4580
21699
21728
2964
22790
5777
3408
1813
10833
9267
1249
133
24457
21997
13256
1586
4665
12262
11672
8483
5309
7826
9442
25066
605
12096
12824
25238
7580
10046
13462
11993
24363
3076
22053
11946
24531
5360
8521
13324
10360
3565
21586
11211
1227
20907
9947
7899
12509
20368
22901
23271
25248
2213
7210
23060
1747
2096
4782
9587
22836
24294
5966
21161
19934
6622
12266
163
81
19735
11837
6799
19918
5190
12940
5659
4856
20870
5879
11681
20084
22589
12300
21678
2394
19791
10537
5369
10008
9659
12798
5245
2717
10389
4289
12562
7632
643
21820
24405
6014
6676
12530
2547
2452
79
20915
9561
211
2238
7054
4657
2384
4938
8578
6411
13532
7973
38
13601
4735
12457
7117
12073
6077
11089
11384
6804
5423
13535
19759
12505
9232
8780
24165
173
10371
6401
24878
9771
126
23497
8938
24387
21439
12119
10838
21133
10052
7251
5565
13489
2260
7924
5390
6631
2224
7226
12608
10481
3051
25267
23256
9329
12394
13624
2950
11241
6352
9471
7308
3337
421
5748
1939
6234
21174
636
4500
1819
6663
21091
5842
11048
4764
3829
6121
8649
2473
24780
11466
7789
2277
21146
11669
2993
5483
2015
12760
98
10425
19937
5144
13389
10422
8869
6380
3035
6265
21266
6132
11181
7779
3155
6603
23490
20908
19601
7137
422
20857
9265
7321
2963
3893
10172
13472
2074
4869
1241
7284
11002
423
11488
4807
614
5193
5661
11366
13396
21764
24043
7947
22088
6757
11940
9620
11200
23114
1583
22101
20051
3227
7212
6640
10113
409
5722
9292
5666
13076
24419
8544
4778
5595
12384
12249
20465
8441
11324
5831
574
10355
11112
8778
9406
4265
3689
11392
5240
11781
24957
6342
7225
1784
11073
7585
124
4438
4736
19901
747
12143
4611
24175
21950
19774
25046
12576
7914
24559
19634
21262
3601
10414
5106
2725
3701
5156
12500
22222
9529
7655
5133
22159
2709
9283
23998
11732
9668
22494
4695
3104
11785
21564
24749
21513
10965
6006
171
11804
11330
2541
1243
6387
2449
2682
2555
7905
7853
3598
4987
12653
8647
12115
13067
87
4628
12392
169
13263
13407
25236
11740
5306
5986
4776
10356
5990
21880
7644
9534
6986
2954
22892
4076
3832
7301
22129
4603
5426
3381
22116
7809
2645
24951
8564
10600
6761
11523
11283
7925
24980
653
2506
9876
11799
6338
1480
3335
5926
11872
679
22483
9317
23691
6169
19738
22986
4817
5230
7103
11338
6348
3234
8792
6652
23808
9490
13621
2972
19592
6620
19619
160
9242
19529
5660
2808
30
20501
11238
11391
5140
7724
6908
10285
7673
4310
20096
7920
400
22840
7669
8611
23259
6543
8767
13612
22276
22091
23923
6106
3901
2117
5025
20786
20846
6639
5825
2083
1615
2967
3449
2151
22185
4296
696
13608
3003
6308
2090
7128
12758
19780
4838
20659
5697
21662
7904
11851
6331
2275
9651
8488
5251
24259
4236
12044
8439
11348
7129
19681
7980
10590
1841
12025
3024
2720
12820
4453
12589
19775
23837
23661
5542
10553
8512
9448
9536
20730
22173
9648
9946
9093
8779
2959
3461
738
7331
19747
2101
9377
4193
8534
23073
6735
5002
23273
20737
809
23754
6055
21770
4793
6299
7646
11747
7543
9393
13134
6410
7246
22143
736
9157
5647
2242
3375
6229
11209
7664
23888
5102
1263
4712
11177
207
11402
23764
21504
12302
12777
21015
5540
21604
9684
13167
4311
9052
7249
8684
12361
11046
10457
12154
22009
10275
21740
9752
874
5114
19764
24714
6382
8934
4018
12740
6171
6316
5410
21754
24575
22163
21481
4822
12834
6687
9429
3470
24004
9844
9980
4594
24413
23150
23878
22402
6763
24181
2258
3707
22411
7895
4255
5957
3497
8524
5728
20991
6335
11931
690
1881
9240
19843
7568
10258
10199
13248
6494
6129
11922
5769
4572
24735
10384
19572
12751
10096
22137
194
12182
8620
10546
22490
24003
3760
25086
3394
21936
21643
7917
3401
24184
9184
8783
10194
24757
10466
10283
3114
73
12053
3056
7791
5623
10147
10230
7167
2391
11222
2080
24627
3502
2502
1507
4730
13244
19883
5982
21932
19647
9357
5121
2241
11210
3766
9608
2486
4769
9225
4522
3729
20702
13545
22896
13260
12880
13320
8440
2172
4294
2918
96
22204
20089
12117
22011
6488
2448
4968
22632
2459
12089
6085
22535
5366
1915
5196
12696
10399
937
2183
6326
6924
19578
11323
7541
4936
11333
8469
10
11723
5143
660
22447
19839
11009
12876
5658
25224
2928
3536
4435
7471
2414
10885
7850
11385
21257
7319
3570
10218
3841
5578
21112
24617
13478
20704
11076
5645
9678
8516
22246
3112
20750
6362
9733
3824
9216
5772
6029
3793
4876
12086
2206
1853
6572
11115
386
6259
2546
21529
2466
2032
10160
24853
11345
11742
2164
9449
24674
22914
3825
6618
4439
20074
24773
7760
270
12104
2557
7977
576
22911
1745
2415
21978
3860
10219
13072
21167
12518
2057
6546
25193
12867
23002
12786
10249
1576
7851
22109
23250
19478
13499
5120
13123
2383
24824
717
9762
9354
13361
10332
4110
21150
20693
21305
22639
23087
4607
2203
13523
9048
7704
6642
2578
20959
4750
11011
23499
9721
3365
10889
9996
5589
25059
3038
3782
18
2519
24484
19971
9515
12421
5775
22881
9780
10891
395
1683
4852
19683
403
21940
2389
5910
9944
11484
2503
4249
19841
12654
1257
9999
10826
11429
23158
8619
8453
10858
8492
20220
4489
9746
6176
8610
7094
11820
12432
9220
3407
19854
6601
2936
8604
12269
11263
10149
22169
6021
22487
10183
105
5608
24604
5117
3386
6478
7281
185
1780
5394
4312
3584
3175
21183
5067
4900
52
13541
2545
2271
7458
7780
6201
20665
6131
4598
6604
20954
11951
24370
11477
6990
19802
8996
7627
10021
5435
11521
6135
9855
9440
4899
6611
5832
2086
7327
24409
10334
1817
1568
12695
23800
11988
22273
1809
11188
10043
24715
7707
8463
4577
12913
11214
5199
11013
22988
9516
6174
5370
6999
13509
9070
3442
25078
5945
12781
20370
633
23862
4208
9934
19983
13418
8774
2880
9073
10090
7833
10005
10820
9374
5407
2899
12563
1834
6775
9656
24955
19794
5070
3052
6971
21171
11434
4202
9992
12942
21555
2279
2445
2991
968
5820
5687
4861
11901
2691
22287
253
11478
4433
23141
11463
12922
4667
20075
20132
2861
21666
1503
7244
19712
3042
22079
11866
23038
23227
1589
21176
1236
5539
5601
11265
11476
24942
6479
12573
25106
612
12750
23502
13516
3895
3884
13400
10867
19481
6278
13458
10491
19789
24461
10599
2796
4935
11280
24047
21284
11158
10952
7323
10115
23967
5811
12805
13329
3700
10177
9857
5289
21926
11801
7548
9545
5562
2863
5208
9693
6665
7100
22320
2704
10992
2911
2240
20161
5388
12004
3769
20131
6281
12186
2483
7288
9520
3334
4567
4689
4579
8573
7698
22093
2722
13249
2510
1848
13377
10915
12352
628
10221
9311
748
2776
3831
2920
2016
5776
21724
2216
10824
9740
7262
5753
4901
8775
10042
6716
6704
9428
3813
6022
209
2738
5992
5611
22281
19724
6534
4946
7111
3828
11798
2860
147
3382
22467
12414
5720
7113
4120
2381
10812
10057
4891
1465
11491
10865
13530
5134
20953
8693
5425
3525
7821
23224
19599
8729
2872
21120
25206
20358
2889
5699
2679
12081
19907
21638
655
19967
24880
8490
5742
8951
3331
6666
12833
1856
9935
3873
4248
6536
12373
12174
10407
4432
750
20853
7701
13607
4549
11097
5059
1253
3148
10890
7766
13577
3573
12868
4725
5766
9090
7869
5008
3264
11857
12372
8761
4451
23997
5655
3774
21475
12807
13366
2058
7908
19891
22951
10240
425
10974
8730
9252
8519
5474
22181
6175
23802
864
22373
7542
25040
11725
7523
21127
10985
2551
12502
9811
3877
5995
22119
3539
67
5784
6530
2026
20980
5420
2440
22025
10251
22902
23132
9879
5625
6139
22020
1851
12409
1238
13429
3577
12503
10157
19636
11739
9847
20966
1256
4175
24149
2958
2999
3384
24206
296
9439
1978
7544
2444
3779
22444
602
10512
12050
2125
3007
23225
12816
20783
20033
22269
4692
19758
9511
161
5050
5115
651
725
20090
22026
3192
12082
3855
4953
1707
24751
3827
19857
5023
7491
13584
1704
9262
5060
19900
20011
3224
5686
9075
7835
11935
20926
4207
6610
20927
13122
22229
3580
5857
19872
8880
4581
8930
25034
20928
12920
11413
11066
6614
11374
10019
10328
5379
7811
8878
8633
3345
7172
406
19525
10837
2460
7891
2946
9326
8643
9159
7578
22435
5169
3979
19947
10908
2650
9153
2239
4198
13475
12371
13623
3734
11904
12315
4034
7918
6672
12330
10329
1255
6318
21541
8426
3396
25011
6103
5878
19673
5152
13181
9261
12327
5172
21888
5689
24478
7944
21916
8675
13271
20681
3150
10323
2177
1466
13575
780
24639
12319
22216
11433
711
2851
12331
10907
12547
12629
20880
7787
8570
25177
7144
71
4658
8653
6729
23895
24703
22195
22092
12492
7205
12566
6385
3338
10239
5989
24145
20930
13064
7699
23830
7883
13170
5563
23083
9666
12424
2014
25204
7282
4887
22167
22978
939
13130
24469
2395
23931
20867
6309
22673
6000
21697
7962
20449
10187
5958
8909
8572
6046
10450
7477
24691
2375
10262
13572
2834
7860
10532
11508
3571
12612
7960
7906
11507
7528
722
9716
10066
6597
6141
9572
12499
9183
12098
42
7576
10186
1840
24007
5906
7521
7325
7539
5026
5150
23884
1843
9038
2820
6469
10200
22306
4021
2562
3218
4715
4835
19707
9850
22149
5195
4860
21496
10429
3762
6547
6147
24493
9647
9781
21512
6982
8745
3603
80
24254
10534
5682
12191
13341
11998
11655
885
3683
13469
13335
25028
11502
23762
7807
9599
13136
1710
10431
20960
20955
9425
12496
5422
8933
10395
7643
5099
24806
6246
2538
3590
25048
1630
9846
24225
13238
4873
4188
12375
3917
21693
9755
20613
21007
10925
5854
24057
4600
12067
24607
10202
21828
2227
21698
3265
22210
986
20609
1614
3493
8966
1585
1612
2728
3211
13635
13120
714
21359
9726
21160
2634
11352
20374
7832
13529
10087
13653
19873
6621
677
20874
11196
9154
199
19548
5466
6244
23686
2491
2127
5453
9001
20868
9071
5554
5729
9146
2087
12054
2078
7324
23812
22033
2079
6084
7958
5664
9227
5465
5576
12526
22326
7736
21778
24862
9194
11331
20677
10435
5716
19716
23134
11796
791
13392
10831
24723
3207
5635
3199
8852
4426
5479
5233
8853
9279
7753
12948
861
2434
5877
6638
4684
21004
1811
6785
9593
12554
5793
13321
4757
7091
13359
7255
21979
13641
22071
22754
20012
5706
3238
23856
2897
4825
9323
744
11849
3372
13555
22768
13603
24598
23033
9690
5544
19887
2695
10469
13556
8602
12932
4095
23885
22804
7482
11001
5316
20030
2858
5137
12508
20875
10906
2202
4800
6098
20911
24731
4278
22153
9424
13140
11151
2373
5275
6537
3785
9197
11359
22365
4858
12931
11965
5229
10524
21535
7267
37
22524
19479
2698
21061
13585
5109
8866
20236
19905
23707
8700
11136
2119
12553
20663
4963
22420
7102
10150
10497
21093
2496
11464
4314
8952
22486
20505
11049
7808
2114
5006
11496
6160
13274
6092
10059
4487
24782
3422
3778
11774
11236
5097
2879
6414
6218
12016
3919
23528
24143
21202
11365
4923
19819
9272
12549
183
24695
22963
6268
21540
6734
20045
10176
4889
12431
10433
22936
9768
7417
2246
1814
2370
24362
11447
5290
21320
11113
5334
3879
23357
9779
2461
23019
5257
10521
20144
4457
9363
9763
7773
25254
892
6340
22929
9884
22593
2477
2204
12919
23704
24170
11782
9258
5438
13604
21480
25052
13547
3413
6585
20861
6473
10911
5047
21193
7735
12621
6122
1610
10415
63
3443
5865
13614
5267
10142
212
19792
12512
4659
94
2048
3513
13595
10473
4655
7410
20158
9045
6681
20095
5311
2705
9810
10272
23351
4290
13616
7749
4421
4623
9310
21263
12795
5609
8531
1453
8022
9685
13394
1434
9870
10843
12102
3392
10971
20611
3001
6726
2215
9624
22525
12555
12638
11969
6685
7885
22096
10575
23342
25038
8017
19828
8
1818
23117
22522
4653
23253
10036
24775
686
7752
22318
23358
5345
8992
12636
6267
10550
20254
10193
6756
5987
7677
9069
3097
12881
23879
692
13404
12041
5202
6760
8569
22242
11666
13473
9016
22382
13468
3364
7510
21637
19482
22966
3531
6739
10229
9278
8571
12325
2411
7879
12180
19772
6586
4604
24603
4920
19767
5148
190
9190
6789
2220
7804
22960
20072
7742
23875
6553
22894
21164
6008
8770
10990
2042
4303
10398
11139
7293
6669
20469
7562
12130
23864
19832
11272
13275
6266
11119
13543
7179
7257
7774
6460
9027
21172
11224
5559
13373
19909
9025
21976
6457
19922
1457
21392
5272
23898
5667
2187
7231
9689
5214
4731
7086
2304
13666
11000
7487
11710
24250
7666
5313
19830
11968
22510
9383
11419
922
9482
20455
20362
21702
19641
7675
5129
19788
9598
3592
7055
21180
25217
25220
5259
2981
24621
3538
7854
20990
8860
4086
19813
10464
22657
23792
3128
5844
2801
24139
22508
21191
4864
4796
8552
9877
915
10120
7710
10548
2819
24255
10076
5462
936
24984
11201
7875
11367
6321
5704
22478
6690
7569
7682
20698
7564
10212
21759
10597
22327
8613
2047
820
5184
7150
5248
19739
6571
49
7513
1861
20912
858
2886
2199
3500
3143
2163
390
12747
19928
5651
3343
11783
2708
7718
12850
19798
13558
7938
8592
3233
22634
3611
21264
8960
11031
3244
20104
1259
5951
8868
2700
25209
7253
1609
23783
1524
11930
11813
1706
23882
12017
13334
7974
11791
19668
21094
3404
12314
24222
84
12350
3708
10535
24204
8879
22386
13488
4274
24940