20083
6398
11110
12261
11839
5937
12214
8419
23210
6166
2558
7223
3359
5415
6032
7398
23743
453
10917
20128
10110
10564
2671
584
7630
24472
11497
11952
487
13449
12517
23581
2030
7740
6920
637
6231
8547
5403
6252
1348
7090
10305
2190
6158
1520
3797
4544
10119
21807
6595
519
1664
7342
12000
11807
1244
12461
23309
7397
6344
2138
8605
1903
23565
1097
22786
7360
7725
7716
11925
20048
6616
3671
5991
10048
22653
9743
5889
1553
357
8590
23603
5866
950
4014
1473
4344
11257
3358
2235
12271
23125
6262
11171
21134
2531
11420
5693
7702
20185
2243
6474
11485
3429
2615
6235
2320
23385
21124
4313
4483
20122
530
11408
7434
20276
23542
4926
12523
2479
8535
1518
10018
1976
2430
5902
24041
3478
13470
1701
389
11797
5870
4087
5835
11472
19502
20141
10428
21627
7176
20240
8630
1368
11093
2072
8935
5816
22257
22867
12283
6413
1661
1282
11116
19663
23304
586
10938
10412
10065
23719
12606
7419
1794
6429
7060
1218
12369
11092
3484
6039
2182
7056
410
22793
25094
5759
4385
20187
1425
11885
7072
20167
2282
12901
1371
11943
6026
23532
2100
4017
22557
2475
6974
20727
12631
521
2598
4496
5430
21117
1305
6130
4582
9459
1952
1395
3239
23630
2930
2973
10458
12701
23627
2146
9673
451
6213
5841
4111
2264
2523
443
2565
6706
11506
23313
2462
4527
5806
970
249
4909
638
13250
11964
9640
19535
7367
10318
12412
3425
6012
19991
10953
8558
9452
2089
1101
121
9509
1731
10321
20548
5947
2256
3237
10926
734
3861
13505
1391
5795
22122
20193
24623
2658
3482
5413
19930
65
1086
7549
20232
24635
21166
10470
11840
10324
2493
3750
11430
23748
20056
4096
6333
2156
19708
11889
12486
21478
5685
3123
70
9039
949
24018
12802
9867
2257
5917
22622
5344
11938
3005
218
6599
1748
4099
3023
8530
9890
21690
5915
13251
5719
9729
13048
6060
648
5714
19988
6580
12729
1070
6922
7377
8638
23722
13172
23378
2103
12364
20119
6812
24038
6428
9629
9863
11795
20725
23529
2643
62
12630
22930
5736
1171
1185
5953
3794
11479
24229
12223
20596
4047
21988
22303
6379
3332
23609
24391
1750
7443
23554
22452
7204
6425
24009
22787
6226
1405
475
497
20113
10137
12484
4533
11510
1242
2176
10003
4872
21044
13493
11412
12334
5399
6300
5429
1009
6981
3801
10999
5437
580
3000
23232
3764
1138
3342
5671
4154
12924
7451
4751
20749
10013
10825
5007
4498
12903
2088
7805
2426
5821
12244
22780
1230
164
5952
9434
1040
1370
3390
4355
1606
1694
5871
5529
4051
11949
23577
10822
7078
22328
8568
4118
6053
11129
8873
6605
9435
20196
1416
273
11255
21708
11130
11826
20273
4328
4352
1147
6684
1211
10030
21090
1441
10044
2651
21893
5737
10026
1774
186
1864
12967
8551
22196
12207
13065
1665
641
5888
6261
3202
4166
21156
25013
2662
13158
529
13658
9630
12233
12847
6283
3441
6752
5695
12332
370
23363
3340
12799
23282
1904
3122
4477
1932
10379
7123
11131
6723
1360
23553
11963
1414
6037
10361
13384
6034
23667
9854
12387
7233
8443
11794
4366
23598
1972
7170
3196
4045
23201
10140
20172
3772
4846
23292
11106
4687
20024
1660
7051
2128
233
13443
2319
5998
4841
13175
2134
6349
8451
12193
7445
188
23291
6339
3675
11111
2668
5476
21736
20138
11819
13460
22449
19659
11118
12829
4163
240
11982
13270
110
130
6172
21132
982
1948
12852
24641
5035
8559
11249
5855
12226
11465
311
10095
1716
1777
4324
10132
9519
3900
4037
22616
2207
6254
4380
128
6472
6136
6368
4933
23375
4975
12380
12497
5537
399
4423
21896
11074
1922
1735
7070
11103
10289
25093
7059
22270
1178
1909
8581
989
5019
377
2360
21029
6700
12253
5907
23616
11473
3121
23960
1222
10402
3046
7122
1604
11461
5933
468
4480
7133
1205
12969
22613
10109
7469
8433
3767
19530
9432
2286
259
10081
210
19912
1216
7375
22543
11883
229
20217
153
19949
2906
10123
621
5424
2053
19538
8528
2269
4831
2214
2435
213
12858
7201
3446
22107
20129
5712
8872
4288
9539
977
12501
3101
11816
3041
1933
8449
23600
3138
10413
4595
343
5794
4945
5504
7762
1830
8510
6523
958
2081
1713
1930
9053
3348
9040
12817
2674
12928
5800
24025
12597
21034
11454
9510
13161
22369
5418
2069
22201
13278
6369
19657
6384
4726
13502
6074
472
8536
9527
23262
7
11242
6617
59
23209
4126
9874
10058
7203
1929
1234
20194
23640
23343
7158
6389
7077
20170
13388
21477
3013
1327
473
21143
1010
2647
23953
10346
11829
11806
12970
6524
5827
11944
22124
19995
1895
9882
3050
2556
4739
10381
3857
5860
5849
9888
2971
491
23249
21106
12598
9475
12205
7919
10112
2488
154
12952
12846
12821
22866
12346
5412
7754
7720
224
2082
5701
5397
7088
2129
20152
355
7694
592
4914
1146
10443
5459
9000
4363
4103
12877
23575
4316
9028
23650
5331
1212
19611
2595
1988
19980
6980
6575
23408
2323
5357
571
1406
19595
12759
466
1231
8877
23116
24397
72
23279
12209
4050
6312
23056
454
11834
2965
5505
1871
23548
12947
1198
7195
3040
8455
2669
8565
12449
2667
5896
24845
5824
7727
10071
21505
10424
11445
4360
851
4713
1761
10072
12474
22976
23191
20042
3099
4548
4950
3140
3804
5024
859
58
12379
5454
4132
1587
3428
5734
2283
8837
7631
7083
1711
1341
1353
1905
11985
22542
5885
7651
19915
9470
3033
21016
6629
7138
205
1250
1286
5785
11431
3476
3231
5818
23560
3106
2587
12513
12761
9644
2363
1722
1643
10410
6403
6979
12343
6686
12359
11261
2614
10308
6161
12382
22648
7057
20190
60
6701
5928
1204
12423
1102
7227
23111
24411
9734
6600
12976
4353
175
2044
11107
3125
22789
2302
11456
4108
1913
12885
5439
1973
5421
10138
4350
6346
2115
12823
5881
12437
322
2335
1753
10161
11803
23613
5988
5863
2237
20209
2150
6419
510
1829
11397
3356
20587
6973
8599
22933
9541
2210
7334
1121
5903
662
12915
7183
23957
352
9522
4170
12828
21953
12390
21952
12397
8600
5527
24015
493
2481
22464
21814
9431
2034
9552
8787
6562
5732
7370
1767
2200
3344
3414
2573
21304
5822
3009
7326
8876
9461
20008
6356
4306
7708
10372
9033
2932
631
5325
6009
1388
854
5575
2111
6412
23908
69
6891
101
2066
6890
4332
13062
4729
3333
547
23594
4287
9466
10358
3668
6694
22651
24291
12413
6393
23054
7185
20395
1456
102
21018
13036
3669
4851
12351
12962
21644
21175
21203
10565
21707
2567
7748
7559
12603
2105
2070
5052
2656
3672
2261
22975
7654
1106
20736
11262
3118
4002
4093
2011
10955
1983
5409
11818
3055
2975
10094
6590
13254
6347
12003
1110
22003
22964
5897
1865
5814
12429
7134
385
4400
988
135
7068
6353
1065
1300
3201
9635
6691
5944
9430
5411
8639
1949
3126
9441
6219
4690
7695
19544
2226
4466
397
5531
3863
11948
6304
1937
1011
4833
1006
12247
21918
1781
11134
22247
23410
7570
10064
3383
3047
20246
490
13027
4337
5681
11368
4382
6010
25019
5718
1333
24034
6725
4369
2630
752
2179
21810
11440
12539
354
6220
11439
24040
12385
5414
23286
360
19968
6608
5965
13422
7750
8548
1639
4530
961
4720
6233
9732
11977
7723
55
12819
6257
8977
2092
10056
1207
4525
2498
6301
19955
7444
1981
2073
2253
9453
12306
12227
21975
22356
568
3039
5538
22285
4627
3866
1291
23523
5761
1292
23518
1551
25091
10396
11515
2232
13439
5932
5612
1966
6024
5930
3678
1516
12462
10125
8505
7764
11235
269
21984
1270
21163
3177
1330
8499
20181
2043
1515
22193
8574
9032
20443
23206
12466
3862
3197
3805
11096
9978
2903
12438
1187
7229
23543
8537
448
12627
21157
10297
527
4381
206
8424
4593
1709
12299
10403
8595
23943
7668
20006
4830
19494
8790
7949
13452
1675
1693
2031
4334
11448
4517
6625
1075
7650
966
12734
25035
23405
23517
23742
4292
24447
4107
8978
12945
2155
22291
2649
11250
4153
165
8546
9487
11830
6325
22832
1980
10312
7402
6430
2192
21808
21138
12964
23956
5752
9177
5500
8598
6357
2890
387
3369
10007
24785
652
19970
21114
8618
10097
4458
9462
1219
1921
4097
12391
7218
1309
862
11088
21885
5791
225
1180
6138
4669
21022
3049
4152
1252
8622
1304
20208
22104
25099
23587
1169
6282
8915
5709
9848
5977
23562
2564
24333
2056
1629
7667
7945
2231
4462
11822
1268
6423
24500
11443
25096
2589
3379
5404
5853
1378
11400
5801
2121
2476
23059
11415
2189
6324
13057
12480
217
4754
2118
2334
11490
1128
11956
7683
11989
3399
7171
23325
1715
5346
9637
22225
1337
20060
508
12884
9676
4418
4089
6250
4591
13652
1997
12396
4668
10930
1157
1596
21024
2896
2133
12872
6613
21085
11411
9015
5882
149
11399
4459
239
478
4528
10377
22209
20233
12222
20020
157
8543
345
4422
6762
11372
5913
8632
10099
24289
5434
2173
8606
5994
22558
1401
3786
21921
12772
11061
4848
9180
6079
9853
23569
5908
24629
11091
24334
11101
10432
6366
13457
6269
2139
9674
12973
5836
6249
13576
11437
1039
5341
13245
3376
2303
11520
7336
5391
8549
550
8447
7390
6682
1947
1115
204
11243
12533
7767
1859
2122
10342
1381
12386
9443
2095
8511
1217
470
2636
23243
1164
11802
2644
5751
23189
8550
646
5427
2622
3765
6054
7439
5503
4003
11105
19974
1901
106
10452
8928
13019
20272
11336
4812
7216
197
405
2478
22735
7556
1408
20255
10918
1783
10439
1961
10068
2152
22215
25022
2181
5985
23611
2132
8591
9983
23727
24422
10359
12937
12537
1293
4384
3347
9417
5961
2316
4012
6753
5475
2023
1968
23545
8586
1912
518
5914
23195
20041
23745
23755
20733
5904
9730
4410
19961
11275
232
7338
20036
23337
260
6703
8636
20135
6227
5954
13463
1355
4464
9634
24645
1125
5703
1824
1248
3178
22103
13007
4125
2611
1705
267
9030
12771
1319
8629
21279
4340
11836
10009
23670
3370
3134
7221
6915
6045
2571
2362
119
11981
8612
6408
13032
5869
22004
1875
10333
19979
22738
19943
1708
24467
10134
6168
9665
319
2392
5356
1926
11239
8458
2450
534
23267
222
6360
10364
23752
7557
11815
1832
23215
12770
5436
1617
11069
20080
1226
6025
6001
8587
4526
10295
6239
1790
3216
7719
12377
7652
11967
20069
3198
7234
20436
6293
8925
8556
12215
20739
4974
9997
95
2859
23404
1697
11786
7174
9736
22453
450
2028
12272
23537
19924
7696
10025
8646
6151
12430
3217
12368
3475
2002
329
7347
5765
1605
23593
24420
6236
144
24001
7385
10077
1087
13494
2619
20206
4304
19493
10932
2020
504
20380
23625
4481
10430
21646
7713
11441
5956
2620
23731
4301
3437
505
6415
4834
1071
5819
8932
5384
1008
10927
4732
3105
5874
22443
4039
8794
1963
4109
12933
22548
13159
5894
19701
2443
20077
6962
992
1721
7953
5443
9671
176
471
3212
10129
23643
5464
5042
12213
6594
4165
4377
21009
23349
20159
23651
11442
12273
4612
6241
1196
349
20156
2613
3403
512
12425
4944
2610
12241
5037
3360
1058
13010
11470
4709
23268
5893
6574
192
54
1519
5046
23709
24464
92
6372
23589
6578
9642
3015
10079
11517
5447
22218
5959
6078
221
141
7450
20728
2464
19959
5343
19587
502
8596
3391
23246
4957
4127
10373
11518
7069
21049
7220
11435
20188
2923
12353
9852
464
20059
8560
8529
10815
6609
3679
1428
22192
13482
1985
3019
1552
2208
307
2305
6592
1890
12239
23233
3447
12531
12909
23734
2109
10922
2110
22121
1156
1144
7400
10909
8902
627
12291
517
23301
25014
21012
1122
4356
3852
5332
4993
12328
12490
6337
21518
23212
8418
11905
3120
23120
7441
1657
361
264
12199
12528
2145
24389
24488
137
11380
1433
356
12395
6242
24288
12917
7084
11100
2900
11986
2609
20997
11065
976
5887
11383
10397
9472
23582
23110
22829
327
10108
4711
1189
13000
6525
23561
5517
234
856
6133
8445
1430
12270
19545
4497
9851
6692
1470
8442
1235
1017
104
3044
21184
24593
353
4844
6623
1145
11122
10456
8628
6035
10337
2592
5040
6028
3160
4847
12879
22857
12217
5804
9638
23370
6164
8417
22290
2037
11396
1193
19551
22097
11832
2022
48
12450
2336
8500
21152
21348
12860
1602
12961
2333
2311
759
6917
1066
7127
2330
5457
242
3193
12736
11984
4393
2586
7726
10811
7346
12984
20166
2136
2280
1759
20221
13155
4330
21737
7199
7356
10434
4813
13454
1744
8781
2209
13008
19660
10383
8421
969
22461
24473
8614
12511
7622
2924
21181
50
9991
6323
956
7062
1030
25010
6018
4088
3378
12700
5787
2059
19666
5688
22305
6976
9639
10465
1344
23737
1641
13444
1328
13229
2463
19553
6128
12635
9418
8601
2929
251
2142
21805
11833
5873
11805
23315
8457
11929
11481
394
20086
11121
11469
12389
12204
7124
5983
8782
116
585
5817
24459
583
23697
1918
25001
7560
1778
20018
5498
7177
437
5670
10454
5993
11921
10114
9446
6140
516
12733
2591
24454
5444
21981
4552
11086
23618
20101
1632
23390
19541
7175
23685
1703
13269
3195
8594
5962
7213
5711
23186
23606
9437
4951
5767
1062
20235
1317
1987
2140
5374
10330
5764
1835
994
10069
2050
13484
4717
22952
11880
4542
13001
3792
23724
967
10309
159
6598
2633
21687
10453
848
7689
20270
2338
1732
5014
11516
7369
20257
22372
21995
12525
11790
1096
2247
6156
11788
7074
5371
10350
9421
11498
7076
12923
11937
1866
2916
6287
10075
3226
8523
2218
1159
19539
1260
13030
10392
12212
21731
99
2292
12534
1911
12741
12825
2229
8538
2075
4915
2285
20162
9588
6302
4685
12341
23194
5919
540
13386
5834
12803
3225
11081
645
6350
8648
4518
12285
1928
23307
22645
6329
24144
4347
10823
1437
1925
5416
2230
2654
2198
11389
20243
12849
4499
479
13421
8575
1081
4461
12194
3432
9553
11128
1729
8918
2935
3229
6341
1046
6033
13171
5613
630
6023
21001
24630
23367
10923
24448
23300
1080
4040
1417
1325
19927
22438
3371
23414
3755
23563
1233
2568
8545
24407
13277
3445
402
20003
24512
8514
23364
5478
9182
1607
2997
6583
24518
1197
7687
23716
6581
24046
24470
2005
20261
1440
12243
1012
7184
6322
975
24624
11390
9889
10122
4722
429
6417
2098
4608
309
2521
1659
2913
6392
1682
7206
21883
11244
9524
20521
24599
5003
1350
4302
9987
388
2641
24028
6814
495
11990
12295
4840
13441
13490
952
626
5055
31
2195
8504
7382
2862
2278
1773
113
4115
1893
5516
20057
1874
5713
10106
11882
7081
3858
6274
1964
9993
2625
11468
8905
5501
407
4473
398
19593
22252
1622
136
6421
1435
10408
12998
23580
6314
2970
7165
1684
5911
7332
5884
10374
10463
4878
21298
24268
6397
10448
6960
12633
4373
4171
847
5790
20269
1476
12448
139
9003
8448
2346
4364
9046
7322
4551
7625
2640
506
396
1396
5740
3367
12987
23395
5803
7080
5536
9586
7073
11992
7193
1281
12257
11376
20227
10127
11109
23402
1393
10426
21635
1625
7373
24269
7567
483
2287
23567
24504
10302
11125
10311
8434
13230
10062
19994
7761
12246
5036
1349
12278
1696
2326
13455
2431
6607
2369
20178
581
12981
12245
3803
3481
7131
7217
12435
2157
174
10338
12422
9476
6251
1394
5763
578
10406
1965
19958
3095
21025
7197
5880
855
7372
2298
7561
2673
5387
331
22284
20394
24044
22106
4387
5770
23381
1308
1176
1920
12263
11401
363
2036
8533
5350
7052
11903
9859
3777
22219
10286
1038
5717
5669
2033
22796
19953
12322
9988
12596
7711
20382
208
19997
3327
2046
5802
305
3385
20258
6361
11890
23597
3205
5469
2439
3751
1677
5980
8444
1019
3747
6407
2097
2225
955
10589
24496
22611
5027
11809
13511
23258
11787
182
1860
11825
4536
256
1107
5445
1109
8974
657
1863
7228
1347
514
19598
1103
19496
3157
2327
8623
5054
6588
9995
8566
7946
8567
11879
12994
11240
13173
12830
24740
7952
7554
13442
11953
21652
1603
10000
5677
2934
985
485
23948
22459
214
4537
2566
12702
13153
193
3008
10287
20005
2266
9029
5755
7940
13508
2367
7679
2665
1831
12540
7188
11084
1104
1402
23608
12625
20724
24632
10391
1131
12493
11945
12444
4440
10954
1634
635
3431
5743
6596
442
6155
2228
1073
23531
22999
23546
5730
19607
954
10362
8513
656
13046
241
10298
5406
6743
2518
1867
6273
11438
12745
4162
8617
23595
6627
20081
20434
2485
9873
6582
1191
226
20182
11325
12478
4927
12348
235
1627
12374
10386
12275
22860
9868
11512
1573
1477
10471
12527
3373
10136
23668
6409
12832
4074
5692
1358
23592
21684
1455
6165
2465
12292
1452
8607
23556
12535
12475
11417
12337
10063
12276
1265
3479
11514
19547
13573
1654
12201
4492
8462
7416
10146
4436
2520
7135
8981
3756
1712
6247
5352
9549
4714
23534
2516
6002
12196
262
7161
6809
1016
1367
3194
8506
10280
2106
6027
4011
4359
4293
20047
5999
12310
10821
19608
263
11958
12221
22294
6914
3771
1454
4342
22856
7355
4710
1431
304
24417
13563
11888
10053
401
7173
24451
3145
129
600
6297
5807
4463
7446
5354
1385
12225
2437
4867
1754
4351
1597
3362
8917
7663
10313
21151
9035
11373
3486
1208
23277
9044
7396
7345
4412
23959
7757
1656
23237
5460
7688
8540
2432
1042
22213
467
5747
1033
1989
5383
4156
23694
2454
6632
3746
2436
2570
1626
21118
12473
11114
4827
1742
23057
20717
2505
10973
7095
7435
2029
7194
7089
6288
2221
12301
12481
1149
22642
11446
3228
5456
8979
445
2904
317
1091
24460
13385
6148
3752
3014
22604
11451
6376
4116
23620
11927
23621
8645
1400
1028
91
21301
7447
3048
12002
2052
1044
3867
11821
19919
1137
3006
4469
2927
364
1837
6959
21892
22272
987
23612
10981
23119
20218
8926
2878
11811
5916
5744
13028
10979
21701
19956
1638
4981
22732
5839
23003
11037
10916
10467
1184
2876
12230
5381
8908
7937
11800
4117
19653
1741
1170
8507
6051
2359
11808
12388
1740
4724
22278
515
11971
12485
20377
6432
6152
11458
12360
12280
22198
2631
4092
4998
11505
12333
10316
6150
412
10050
1825
6476
12298
974
7192
1376
4752
4010
5797
341
117
2169
8973
3440
12282
13037
11098
6154
13051
6977
12859
22212
12914
8459
5038
5049
2960
3781
1462
3754
6702
1095
13168
9179
6224
6697
5017
8640
2672
1624
5548
23713
23701
5502
22792
2921
5788
11329
9416
2196
23228
8561
12238
4596
21149
21519
4370
23366
2653
1523
6418
8786
2495
22620
5864
8626
11064
7403
2560
11276
2265
13055
21169
4472
3374
11947
3355
5789
1183
6223
11271
23525
13176
12883
12739
665
4404
22368
20054
1699
13659
23348
12628
9886
1902
23725
6003
22111
21987
11991
7387
19913
10810
2632
1833
3350
3433
5900
19656
6386
4038
20263
4374
22741
19728
20098
12287
9002
172
6311
11269
5922
12737
23689
3424
2962
4866
12210
20223
4326
13152
9419
4992
12946
22955
2998
108
156
7061
4394
13451
6365
1792
358
308
4094
4401
20439
1764
6272
2937
13390
649
8446
23255
531
23065
7337
3326
2175
1345
11972
12491
5043
1375
10421
1085
23197
5921
12362
8641
13013
9554
22456
12393
22231
1239
10141
1631
1111
12354
9036
23204
223
6367
5417
9175
12308
2655
9178
2124
12367
2577
12447
5690
23346
1636
365
20716
8542
6539
3028
4842
1313
8460
2427
22734
2343
20205
23261
3361
24626
2572
6911
10014
1512
5477
7381
13257
21302
5395
21483
11961
944
8916
2315
13267
2350
9998
5471
12831
12342
6400
181
8437
10416
1593
2131
3339
1082
12851
20099
20244
4902
23252
5976
6730
12483
1868
7208
7357
9523
22784
10437
22458
20176
12324
11915
1403
22477
13022
56
13015
7159
20383
13
5940
1043
12443
1383
3363
1384
1201
12467
2910
22994
23322
1386
7939
11410
5535
3487
22783
2441
2091
22731
10037
21521
9530
9641
9636
7661
5497
4546
4354
12304
3791
4119
12906
11920
24037
2442
3100
24601
5833
2018
11480
22470
25002
21111
7563
1352
23629
7948
2000
21817
5905
21048
19962
2500
13160
1141
6591
20117
10006
1093
19589
7657
20517
9547
7935
10116
19501
19705
380
257
1061
13059
5955
21081
12335
5526
12789
7571
1024
7214
2552
5810
4333
10982
6336
500
2364
8972
21804
2274
12455
22859
21388
6264
5861
11455
20440
6816
2217
22324
24016
8429
21097
7116
10387
5534
12864
7082
3016
21647
24592
8838
8520
2351
10299
5574
4048
5756
2627
11500
6041
2112
11281
4131
12916
11459
20241
2170
24502
5809
24778
3158
1018
5781
1919
22795
993
21140
11933
12224
8975
2509
3329
1838
2244
10102
1089
2664
11414
6399
2608
12738
4098
1763
2001
8931
3802
2062
168
6298
21126
23185
20595
22098
2039
13009
8436
21982
2126
496
5901
2661
20229
6256
1700
5702
8557
9645
11810
9881
6667
13052
7433
2123
10401
1513
5847
3021
12349
1056
22275
23710
1448
2154
3119
10292
3420
5725
10100
10067
7085
1129
1278
1752
947
2514
25037
7075
2348
8554
10440
5393
9741
20009
22302
6602
10130
1698
2482
11260
10958
4748
1760
3488
9514
23222
10101
1277
8913
2003
3674
10117
2063
11038
11418
8910
12428
21895
347
1953
5938
4745
2281
501
1007
20252
2584
23624
5543
20146
13164
1613
4390
7706
11327
1077
4113
5750
20224
1616
19672
6983
3448
4456
10390
596
2184
24475
12506
9849
2120
11457
5353
10462
1339
7166
2259
23289
237
2055
6255
6313
13063
4090
20442
3352
19976
6733
20743
4755
11108
19985
109
7448
19532
1608
2077
216
191
498
2352
10304
8582
12510
5912
8526
1541
5858
2035
6794
1224
21135
9544
23688
10912
12195
25057
1072
1873
20111
6013
375
10070
367
11090
21019
10306
9672
6693
3022
4675
2158
8791
8903
5329
143
10128
4305
23500
11522
6263
12365
2894
178
12399
8522
4129
6049
7656
2194
11393
12769
1870
22626
7680
10139
5419
3770
4043
1879
6978
2579
12211
640
5798
247
9883
11082
23588
12826
8644
6215
10105
23321
1223
1167
24446
6404
20038
4588
1175
5472
328
3107
11910
391
2926
990
22267
167
9585
10151
1343
10368
23574
5708
25060
23944
2602
11509
6433
8875
8635
1899
2306
36
1772
7522
23345
20385
11072
13166
10310
21121
1215
12320
4414
6253
11877
10828
8609
23671
19933
20062
13253
474
2135
7759
12441
9444
6351
187
551
1118
7168
12764
1786
7558
21270
9513
22932
12477
10016
1356
1311
2317
21170
1423
22619
528
1876
4482
7739
5450
2211
12988
1785
5726
7442
7744
6222
23213
1280
20137
12541
2527
8539
4441
1307
7743
24395
10417
6030
7738
971
4716
3474
6017
9986
12951
5342
4728
1882
5727
6230
6391
21347
9014
7741
3116
376
6615
4540
12296
5541
2371
195
6577
1998
21998
25005
10010
23318
24495
2446
12242
22468
316
12744
12522
2166
428
4896
2526
303
1303
8922
20023
6633
21137
5768
1945
4756
23539
6015
13149
10451
6736
5815
12965
10475
1182
2345
11386
11287
12338
3768
1550
9031
8921
1827
8541
12268
1944
12529
6427
11077
368
7064
23644
8580
4309
6568
5745
1869
5856
1872
8461
11519
21922
10124
13029
6167
11487
7190
12732
7551
5452
4073
23200
1521
21743
11247
310
11371
4396
1232
22957
366
1969
7200
5433
11835
9731
118
1724
3423
21173
6056
10296
10078
20029
12972
5970
1324
2301
150
4399
4956
19533
2675
384
5891
12452
567
238
23238
846
10347
7728
20140
13150
22224
962
4044
11436
2102
24514
12008
23740
2915
1127
23064
21704
845
20757
5760
196
1306
4331
2596
6471
7354
3189
9525
2618
7209
8588
7440
13491
3389
162
9543
6477
22279
11406
4585
4708
11285
7353
2956
8927
4391
4609
12963
7348
9872
10020
393
4157
4386
1900
24777
184
10814
11471
6612
5978
6212
6355
219
2623
11976
3800
20105
8430
9865
6675
6683
2891
20116
4298
3749
12599
23382
12234
22258
11475
13045
20108
10017
3030
12524
22202
1032
7058
2267
12347
1971
5532
12267
12978
3240
12356
6436
2297
5672
12974
2593
4327
6527
5499
21088
5051
7692
6378
22826
2021
12873
100
426
5868
5705
3865
4104
5018
12344
11083
10035
5675
21818
3868
13440
7394
4468
5848
3864
477
5931
6284
19952
6422
844
13268
4128
4545
6919
11124
11511
541
1958
6921
9042
9473
7772
7162
5451
351
243
13014
7709
12990
24449
4676
25020
2013
11504
25025
9871
23407
131
5924
12383
5389
9542
13023
22431
9043
2358
1246
8874
7189
5996
7186
9521
1927
963
2504
1200
3330
1053
13054
9735
11966
11906
20063
4437
5673
2497
4832
6289
21919
11912
9447
10082
23604
11881
4168
8642
11474
25063
10913
10107
629
9860
10363
7110
1943
8532
1575
2501
23596
5925
5355
4307
13018
6406
6157
12911
7755
4169
11483
20021
21813
13228
1334
6019
1727
24596
12454
2455
3031
1377
122
2582
5968
1633
21021
23706
3368
21108
10336
6214
10357
10427
12504
7705
22465
3790
8637
5724
6162
10394
1067
5041
231
20260
23413
2917
12986
2165
2563
4538
1351
25007
61
23628
1229
11460
22935
5372
11503
6303
2010
654
4389
2008
6371
10293
3856
9049
3162
21136
22450
9551
413
11970
6364
22629
7658
1209
12316
20247
6573
9745
7653
8428
23295
2490
29
4046
2223
12378
11284
11375
2270
13024
2606
2245
3854
6589
4105
2901
19986
12465
6280
2489
2877
25087
2337
10404
10331
2429
5757
151
2604
20002
369
8625
3159
1823
21634
4490
6020
23584
11407
348
12918
1124
575
9436
12699
6918
11169
13156
12536
21153
11167
1389
6528
5875
23270
6277
4210
7196
9465
20184
13264
12520
5886
12260
2657
19670
20053
1296
6731
10353
11075
258
3788
1322
21733
5850
12532
8518
250
22446
6295
10937
5392
2580
1979
539
3117
21650
20039
22954
10352
6765
301
7665
22007
5326
1907
838
8423
1369
6137
4013
4114
3410
2468
8525
1776
12366
93
6
1619
5440
1026
951
12297
1407
573
3753
6076
23721
12357
19586
2068
10288
6593
8911
408
11245
23578
12203
2616
6742
1412
6228
1730
11913
11467
22232
3366
2019
24589
4845
850
12281
20078
1413
5948
13040
1332
1443
12326
5918
6972
10031
6699
13233
4019
2071
10423
7164
1714
12507
12274
21000
4897
24774
7763
5963
2599
12925
111
6584
25026
11102
22462
12936
25200
11452
10393
5829
24455
23369
7126
5679
12005
8634
4345
9982
28
4980
6375
2180
22740
1956
12309
2456
374
7071
19982
6579
7623
25008
3043
23051
10083
10367
9445
23602
11251
11377
8906
9738
13162
23265
5696
19605
6689
22989
12632
12989
12757
1302
1155
3899
12345
5890
2222
5442
1662
1420
13232
5935
21882
5449
11983
9512
11099
6438
20107
10345
1289
5458
24595
20393
6260
9186
12232
13056
10816
548
2908
9463
12800
4465
21010
20050
5048
2912
12376
538
4727
10382
10438
2276
10348
1034
1177
11973
1993
6153
23909
4122
1478
12787
12731
1771
12456
21013
411
19950
957
134
10344
19965
1172
6750
22221
21484
1314
1540
22299
1214
5731
943
64
3784
1421
1828
23336
10080
5927
22553
24786
4884
5678
5979
3210
5668
12977
12305
3676
2553
1135
11908
10281
6149
1133
21123
11270
5053
5846
465
23306
1916
4361
4523
1228
2624
3190
10045
10919
5382
11462
9643
6913
12313
7182
5867
3377
2895
1404
3434
334
4378
11370
1245
9885
20520
1150
10041
5029
2233
2898
7802
5984
4209
20202
13433
19704
10819
2137
25031
3011
24642
11378
13479
5468
11394
20120
9535
13017
5779
13574
7449
323
3776
1188
189
12875
1323
1192
2104
198
12908
155
23221
5780
3188
1374
2588
12426
2646
8980
3798
12284
1600
11828
20173
12943
2141
4408
5852
11450
12279
22482
2167
3444
248
1906
5941
2038
2310
8420
1398
6587
3435
20386
4417
6317
12001
13227
1680
5470
7130
4409
5386
10468
6732
2061
6221
1598
4721
10809
9050
2356
22614
11252
2251
12743
23712
21115
21177
10060
2307
507
20143
227
1299
12927
1884
23692
21691
20251
11382
9864
13026
23048
1795
12985
6315
3328
6624
10121
2263
1387
5723
1990
23396
1917
476
1578
9034
9892
23610
6892
5448
8589
19536
7745
23614
6526
1762
5402
20114
10039
12827
23340
3037
23541
19992
853
11827
494
20230
220
6142
2041
8795
5373
21028
3796
23219
22251
842
103
13003
5796
12255
6124
9739
11444
20092
12494
1105
170
1267
1154
21102
23526
51
10388
24421
9420
2113
9861
261
4475
1908
10002
768
7139
7384
2428
2583
4338
6330
1258
20147
20212
1365
201
23954
11085
12248
12634
3421
6727
11657
2639
7801
6007
12521
590
1725
5773
489
8515
4397
4319
6052
22255
25088
20191
9858
2938
166
6724
447
7378
2329
19497
3045
12882
6296
252
9427
7087
2642
12250
21739
7684
8555
1439
4367
19921
978
5030
1392
325
10343
4583
2313
3346
21985
9423
7721
1005
3436
1285
1447
12277
13512
12742
24022
436
21087
1366
5396
13165
24027
5684
21147
8789
535
3200
1202
3439
5972
2942
5898
11955
5528
1577
5031
10817
23700
5960
1326
6275
2185
23583
2907
10303
9843
146
4737
12434
10444
1060
12697
7349
5786
23216
9037
1064
10320
10929
22240
7361
4368
10047
6048
12464
11494
5405
228
11954
12329
306
4890
11960
13033
8431
2159
8503
5351
125
12874
2451
10418
9866
5741
12231
12489
11939
7219
9985
19931
2076
1994
6276
340
2635
7065
23728
12869
5746
148
20027
9565
8914
24498
6145
7624
4828
1220
22481
2212
12254
1143
3010
482
3108
1049
11817
622
10411
5823
13467
2931
23739
13500
23354
2467
6628
2162
7366
24602
4908
6038
312
4049
21745
21688
21734
4392
5837
8450
20275
1148
520
24456
25004
21522
10055
1088
4362
2344
22358
4467
1354
2487
11449
7079
19977
7335
760
12980
22455
2332
13497
6005
1739
9538
1126
4411
3806
7215
20437
6738
1266
2925
8497
2064
3325
12321
2160
4151
12440
11254
20126
22827
10104
25090
1020
536
19590
21080
7222
7389
23568
5923
1023
1982
20026
20197
12912
4470
1264
23192
663
12398
1179
12
24606
9489
6080
24010
4843
440
20153
2193
12307
24399
332
22737
1970
11962
2433
6359
330
4121
22295
2054
9041
4885
10813
3232
5715
2648
1225
1162
382
12929
10341
152
24453
11486
2508
1321
1112
5398
1140
8836
11887
6815
1240
7207
3387
6363
24393
23242
10449
4826
10325
6285
6050
19654
10054
13432
12202
544
6737
1346
2248
22296
21144
5385
8924
642
435
9533
22254
2067
342
11095
12944
12471
13476
7660
10098
3139
23113
7714
10319
3142
12907
21649
22439
5735
19998
21653
2974
6270
1728
5778
6159
1743
9742
22631
1836
4969
9455
20740
2638
1213
13496
9532
20179
1271
11886
24511
23247
7467
10400
21103
4383
1910
13193
13043
8919
21099
7765
3789
7232
22830
6402
2012
1312
4541
2601
6910
10032
21178
9488
973
6146
1418
8422
12323
10040
10375
10455
3236
5378
21096
6327
3209
7717
948
20017
66
23718
8517
1674
484
22983
2955
3775
7418
5974
23355
4535
1768
3357
9990
10442
439
236
6383
19727
4372
5973
373
23352
1083
12258
7626
4932
4130
1887
5843
12439
5909
11332
10920
142
359
13464
21516
1475
20390
2272
25029
4749
19989
22958
7320
4921
4587
5892
1436
11133
6044
12259
12801
5771
10111
13481
6286
22623
8615
1522
9438
9737
12463
2262
371
1646
21158
1779
7703
444
10420
12982
4291
23285
24605
2581
9875
3430
10405
22430
1057
3673
3859
8784
7093
8563
570
13272
1655
4299
23751
2977
6563
12866
5694
1247
107
10011
3018
21626
3402
1094
12453
5808
5676
532
7374
20175
10445
2093
12601
984
23590
5455
5039
1079
2254
1986
2017
8603
23558
2554
3795
8527
3054
5792
1168
23393
8785
5997
12979
10354
23522
9518
7686
1427
23698
13157
6968
230
2905
22264
13448
4476
21271
1889
13237
1623
4747
23615
22650
1950
12427
21685
19665
5075
9451
24458
11909
20264
10369
19973
13236
7685
2961
3412
10085
3184
5749
22125
6764
4688
7553
2469
526
12763
2585
8577
5934
3471
10093
180
7662
7407
7351
10135
9426
5946
1068
23274
23715
1628
20044
2045
20093
11264
12857
12240
22781
1166
1442
24021
9181
2909
537
9994
12863
1206
8616
5840
5428
10284
23297
20087
19925
5034
4733
22644
12363
13031
5446
3783
10474
2438
1883
6016
2153
5032
21100
3411
21079
12905
1429
7180
6258
7954
7722
2027
659
5805
23050
8498
4719
4543
2470
19554
4758
1755
158
6248
22547
11387
991
13004
11126
21903
13049
6075
13151
24403
9845
3036
350
6813
24000
2296
24401
7712
23703
3149
5028
4102
23571
2341
22362
8881
23298
11950
9869
23550
11398
6216
1116
11924
11495
6358
23733
24463
24515
20125
12538
21994
10928
849
7169
3761
3426
1438
7452
8452
1120
2550
10496
8608
644
1601
4738
21280
12930
1390
10957
4016
1069
5899
11999
11656
10349
4760
1272
3349
5045
7659
11127
10409
3124
7125
6475
3787
12516
25199
4532
127
7198
12229
7415
25016
7379
13255
13231
8901
5461
8912
1357
12460
4753
6134
2458
3004
10084
11070
2453
13234
13240
23288
6426
10956
22260
12340
12451
1315
24636
3336
9984
6211
9174
7224
6396
1055
3027
12311
383
8553
12236
3012
5001
9528
5033
1274
21139
6984
6923
11120
22961
22833
4323
1737
2025
533
23695
12519
12446
11248
20035
1100
20200
2494
6232
22835
10015
23379
9548
9047
3799
302
8454
22282
2976
23730
22617
23361
3353
24783
2368
22492
6705
13194
9862
19602
8576
1444
5949
1756
24844
4100
19916
20134
7362
25017
12762
4379
1090
4405
11482
10322
12318
4718
7328
2191
4529
8427
11814
21742
6420
24517
12294
23327
1644
10317
1329
1295
2234
5920
2472
7350
5975
10460
10335
2186
492
21129
8425
10340
23218
13485
12264
22266
2168
19964
6431
5467
5739
23000
4407
11405
3354
11831
10061
1574
12495
9540
6630
20998
5473
5828
5401
215
97
11328
10001
7340
13487
22236
1621
2941
5683
4101
4321
9891
22100
6470
12400
7466
24489
4592
7358
11926
751
8999
1114
1422
1397
8920
6073
8998
1898
25100
11104
23557
21387
4939
13016
2637
2603
12442
4999
13383
335
22603
5943
10441
24506
21006
2084
23037
21130
6795
6047
12303
19550
6619
11792
22625
597
1782
5521
5015
2342
4052
2355
57
1310
22610
20591
22552
2324
3388
202
1891
8435
68
9677
13503
7436
10051
452
1054
200
8585
13163
13266
2484
1142
11824
21050
23053
20071
6535
12355
13246
4478
7697
11841
1880
10049
9454
9457
2060
12605
11326
7771
6744
11123
6538
12698
23579
11
115
23949
5680
12604
9464
8579
5700
12219
24638
13025
2507
24035
7751
7437
3191
3400
24006
6912
2147
3473
20066
19725
2219
1769
3780
1254
3002
13239
946
5813
13466
1063
8502
3415
24219
5826
12336
6688
10294
8456
12381
983
20550
11286
10301
12818
6042
2107
23599
339
3032
3405
3034
9051
20032
1316
6740
6279
21084
12251
5859
3763
21902
1678
8508
1791
4091
11432
5698
7114
21838
4376
12469
23607
13154
6576
2347
255
12950
2600
5754
1190
2065
23549
1736
1173
1679
5380
12870
5762
10162
503
7756
11335
21886
5674
546
1788
1826
7376
9
1342
953
4375
857
5969
22641
10148
4341
1620
632
22263
1174
4746
12592
20396
3380
20123
2024
10163
23198
6916
20014
1894
1749
19936
10038
22967
21155
2255
12290
1954
5707
13066
7368
22984
2205
2049
427
20266
6290
22471
145
5883
2252
11932
20590
11403
21811
12626
23547
9460
1718
4335
1751
12900
7715
2626
11256
8597
10282
733
12252
5967
1163
10029
23746
8501
1165
6373
4471
2530
11934
1152
5496
5432
7768
24590
1746
6437
4308
4734
24024
5044
13252
1382
20226
12871
244
3759
9878
22006
289
13461
5547
23203
112
8907
9679
19669
3144
12910
1862
4124
4325
8631
11369
1059
3025
11253
9669
2236
6354
2188
9185
9887
13564
11501
4395
13169
21047
2902
3096
23642
2004
9744
21141
2499
6170
3438
19596
23207
2143
5782
12339
22628
8904
1076
2357
24295
12487
25032
1195
2130
20848
3351
12358
10385
2161
6416
12198
4406
2659
1262
9531
10914
2144
1113
4106
414
12256
3409
7934
4474
839
3204
6405
4759
10931
5758
6377
7187
24450
7401
1695
12482
1084
8509
23544
2940
860
13006
9026
1117
7371
1663
1717
10978
23536
10126
6243
2914
1897
179
22237
3477
7746
10472
1514
5895
5783
6569
23264
344
481
6173
22995
2051
6698
10133
1931
12216
12902
3853
661
5971
1611
12433
1399
10086
12317
245
10436
8583
1775
21043
9458
378
5005
23324
23047
23276
10447
3183
658
2629
6334
5964
3026
7380
4879
23622
12822
266
324
10959
23564
12784
7092
21515
1592
1877
6390
4419
5862
8788
1134
21705
1789
6294
2007
24019
4850
5929
5845
8593
10827
13235
1132
12886
10446
12514
4015
10339
1287
6434
2116
1014
11987
5851
6345
21154
4849
5950
11524
7115
7552
11489
5830
5463
12783
6975
4123
10366
6036
2328
23389
2569
24452
7191
7769
254
4424
11974
2919
22297
11978
23573
10818
404
1424
2652
21746
6177
22656
1025
1595
24644
22239
23339
5330
11493
11246
2099
23551
8432
10808
12370
22488
12228
5774
22112
8936
6163
19604
1153
2474
2006
7700
11823
11902
8982
11812
4479
20110
10461
6237
4320
5408
10004
20068
2171
513
11170
22654
12293
5721
572
1221
2085
1885
21105
13034
1098
1942
6004
959
6291
10156
1074
4167
6043
23188
1318
4339
24476
6374
19702
7136
22359
5691
11838
12804
10370
634
11936
10300
5400
7438
138
6751
4903
24741
1050
10307
7132
346
7468
7343
7729
1463
1237
22647
6439
19946
12208
3773
265
11928
2457
9670
20211
2009
10419
22300
13038
6925
7747
1411
449
5981
2108
7066
2308
11513
11168
7693
5710
6395
1673
1290
6889
3017
333
650
639
569
7230
326
6388
12878
10315
9550
20215
13265
23535
9675
6332
3406
21839
2174
9508
2559
3203
647
22205
4986
24633
8627
20518
4164
4491
21082
6144
1702
2300
5812
11404
9981
7067
8438
7550
21299
7063
23586
10365
19610
3427
1645
12953
6540
5441
5799
7383
13387
3098
5431
8793
5872
4388
11975
1658
1886
8624
1723
5838
12312
5522
2321
11492
23399
8937
20588
10910
23626
2471
12941
19662
9989
6370
6292
6225
6245
10892
1119
542
6011
7211
6143
8939
1361
8584
9450
1471
2273
6217
10924
23280
6606
2561
8496
10459
12968
10103
20756
1878
20433
11499
5376
6343
2268
3341
6634
11911
4493
12515
25067
23641
12602
5523
1726
9667
12728
20547
12265
2881
7235
2040
21730
23736
12498
6238
21003
6271
12790
6328
13506
7181
7770
9517
7112
3472
664
1048
3398
2939
22118
7202
315
4112
5876
1031
1618
8562
4460
4547
1273
1284
11957
20267
3397
1181
10378
20203
10921
4300
5533
7163
3393
11453
1251
480
24230
6240
3029
11979
2366
24466
10118
132
12949
20102
753
8621
9880
20734
4723
1013
9856
12007
25056
11172
4962
123
2492
203
7566
12983
23601
4420
7399
12966
21109
3141
392
2524
6741
20731
1045
577
10290
3235
140
3053
10351
10012
19542
13050
1261
2331
11789
321
20015
12288
21035
22638
2197
7178
12197
7333
6909
6031
3020
6394
23319
11379
2597
1446
12220
25023
6626
24292
22979
441
10380
19944
1720
11079
1975
11914
12991
5377
10376
2094
11980
1765
268
12200
25064
22261
4586
23749
5016
840
320
1186
20065
3115
9979
12472
7414
22199
4580
21699
2964
22790
5777
3408
1892
1957
1249
133
24457
21997
13256
1586
12995
7395
1936
12262
288
12468
9442
381
25066
12824
10046
11993
11946
23572
8521
10360
2290
1227
4315
4346
12509
20549
23271
2213
7210
23060
1747
2096
9587
22836
24294
5966
21161
19934
6622
12266
163
11837
19918
23538
23376
3480
5879
20084
11166
12300
10008
120
12798
7386
10389
4289
13044
643
24405
6014
6676
12530
2452
211
1373
2238
7054
7555
4938
8578
1331
6411
4735
7117
6077
11089
11384
5423
12505
8780
173
10371
6401
126
8938
24387
12237
21133
10052
4349
2260
23384
5390
6631
2224
7226
981
3051
4318
23256
12394
1161
11241
6352
9471
3337
3163
5748
23647
6234
593
21174
636
21091
5842
1160
8649
2473
1770
11466
1372
11080
2277
21146
2015
12760
98
10425
19937
13389
12595
10422
6380
3035
6265
6132
7352
6603
19601
7137
2353
7321
13472
2074
1241
23283
11488
582
24043
7947
11200
23114
1123
22101
20051
12975
3227
7212
10113
409
5722
24419
8544
12384
12249
8441
11324
1210
5831
574
10355
11112
8778
9701
1955
20149
1692
11392
6342
7225
1637
1784
13002
11073
23585
124
4438
4736
4054
13042
10414
23566
12286
12500
22222
9529
7655
3677
23998
9668
11165
11785
21513
6006
20155
3489
171
11804
11330
1243
6387
2676
2449
13058
2555
4987
8647
13067
23646
4628
12392
169
13263
5986
10356
5990
9534
1642
2621
1363
5426
3381
2645
8564
6761
11523
23645
653
2506
9876
11799
6338
3335
5926
22483
23691
6169
12730
843
6348
13060
3234
8792
9490
4053
2972
19592
6620
160
19529
30
11238
11391
7724
23373
6908
10285
4310
20096
7920
1896
400
7669
8611
23259
22276
767
2117
5025
5825
2083
1615
3449
2151
1335
3003
2090
7128
12758
1027
5697
2354
6331
2275
8439
7129
10590
3024
12820
5542
8512
9448
9536
20730
8779
2959
1787
2101
8534
6735
5002
2289
23273
20737
23754
509
6055
6299
6410
2242
3375
6229
7664
2590
1263
1199
4712
207
21504
12302
21015
5540
13167
4311
9052
1999
12361
1924
10457
21740
13011
23316
6382
8934
4018
12740
6171
6316
434
5410
21481
1511
12834
6687
9429
3470
24004
9844
9980
4594
1130
24413
6763
2258
1472
5957
8524
5728
6335
11931
1881
2447
7568
6129
5769
10384
10096
194
4317
8620
22490
24003
12476
3760
3394
1047
21643
3401
9184
511
8783
10466
10283
73
1517
2312
23552
3056
10147
2293
7167
2391
2515
23591
2284
486
2080
24627
2502
4730
5982
23401
2241
3766
2486
4522
12880
8440
2172
4294
1379
336
2918
96
22204
1758
20089
2448
4968
22632
837
2459
1136
1915
12696
10399
2183
6326
6924
11333
1935
10
13041
660
22447
12876
2928
7363
11385
7319
21112
13478
11076
9678
272
8516
12470
22246
499
20750
6362
9733
7392
488
5772
6029
3793
13012
2206
23372
6572
11115
386
1738
6259
22660
2466
3485
2612
2032
10160
2164
9449
6618
4439
20074
7760
270
2943
2557
576
1745
21978
3860
24220
21167
12518
13005
2057
22361
12867
23002
12786
1576
23250
19478
13499
2522
23312
543
10332
4110
21150
21305
22639
2203
9048
7704
2578
12206
4750
3483
23499
3365
1934
9996
25059
3038
3782
2519
19971
13174
9515
5775
1432
10891
395
1683
403
5910
12735
11484
2503
1257
9999
10826
11429
8619
8453
2309
469
20220
1681
9746
6176
8610
7094
1279
11820
12432
3407
6601
2936
8604
7955
12269
1959
11263
10149
6021
22487
105
24604
3386
185
1780
23533
5394
21183
2663
2271
6131
1051
6604
11951
2299
11477
7627
10021
5435
11521
6135
9855
545
9440
1757
6611
2670
5832
2086
7327
24409
10334
12695
11878
11988
22273
10043
7707
5524
12913
1415
22988
9516
6174
5370
13509
3442
5945
633
4208
19983
2880
10005
10820
5407
2899
1834
3052
6971
7359
114
1275
21171
11434
9992
12942
2279
2445
1099
4348
968
5820
5687
3670
4861
12992
20742
2933
253
11478
11463
12922
20075
23310
20132
3042
23038
23227
21176
1236
5539
11265
11476
4398
1297
1474
19481
6278
13458
24461
1338
23411
11280
24047
10952
7323
10115
5811
12805
1962
9857
11801
7548
9545
2863
12999
4329
2911
2240
20161
5388
9004
13061
12004
3769
20131
6281
2483
4336
1151
1015
9520
3334
4689
8573
7698
23570
2510
10915
12352
4357
628
2920
2016
5776
2216
10824
9740
1298
1640
5753
1380
10042
6704
9428
24652
6022
7344
209
5992
5611
22281
19724
7111
11798
2860
20214
147
3382
22467
5720
7113
4120
10812
10057
24013
4891
12960
2628
11491
5425
23224
19599
21120
13035
12593
1336
5699
21638
2617
655
19967
1022
5742
7365
3331
12833
6536
12373
10407
20169
7701
4549
11097
1253
3148
7766
13577
12868
4725
12865
5766
23576
852
12372
23997
3774
12479
2058
22951
10974
1158
8519
5474
6175
22373
21127
2551
12502
5995
22119
23605
67
5784
2026
5420
2440
9879
6139
20551
1108
1238
12503
10157
9847
1256
23360
2999
3384
24653
1974
9439
1978
2444
3779
2349
22444
2294
2125
3007
318
23555
23225
20783
20033
22269
9511
161
5050
651
4403
20090
12996
3192
3855
4365
372
23559
1914
1707
23540
1426
1704
20011
11884
3224
5686
11935
12971
4207
6610
2322
5857
8880
4581
8930
25034
12920
11413
11066
1092
6614
11374
10019
5379
8878
8633
3345
7172
5525
406
2460
12993
8643
19947
2650
2239
2517
10291
13475
12371
12315
12330
1255
6318
8426
3396
25011
4322
5878
19673
12327
5689
7944
13271
438
10323
24639
12319
22216
11433
12331
1041
24012
12629
8570
71
6729
22195
12492
7205
6385
3338
5989
24145
13064
7699
12218
13170
9666
12424
2014
4371
1445
7391
22978
20379
24469
1301
579
1269
6000
20199
5958
8909
8572
1283
1676
6046
10450
7339
20376
11508
6435
11507
10066
6597
6141
12499
9183
24007
5906
7521
7325
5026
9038
22306
2562
7936
4715
4835
19707
9850
4860
10429
3762
6147
1599
21512
6982
5682
23392
11998
11655
13469
25028
1078
11502
1710
10431
9425
12496
5422
8933
10395
1888
2288
6246
1362
1630
9846
13238
4873
12375
21007
10925
5854
4600
2227
21698
22210
986
2318
1614
1612
23124
3211
1035
21160
2634
6621
23294
199
19548
5466
6244
23686
2491
2127
5453
2295
9001
5729
2087
1449
12488
841
2078
7324
754
2079
5465
5576
7364
12526
13020
22326
11331
10435
5716
11796
2525
3199
1029
5479
7753
12948
861
2434
5877
591
4684
21004
5793
2325
4757
7091
21979
20012
5706
3238
2897
4825
1021
3372
23328
22355
24598
5544
7341
10469
8602
12932
4095
20030
12508
960
2202
9424
6537
2660
3785
11965
37
1951
19479
12997
25097
13053
20236
23707
1960
2119
4963
10150
10497
21093
2496
11464
4314
22486
2114
5006
11496
6160
10059
24782
3422
3778
11236
2879
6414
6218
23528
21202
2666
183
20150
22963
6268
6734
4358
20045
1967
12431
12235
10433
1276
22936
1139
7417
12289
2246
2370
11447
11113
2607
23357
2461
20144
4457
4343
6340
22929
9884
1635
2477
2204
12919
23704
2594
13047
5438
21480
13021
3413
1340
6585
6473
10911
5047
1203
1359
379
1610
10415
63
3443
5865
212
12512
94
2048
10473
1194
20158
9045
6681
20095
23351
23303
4290
7749
1766
4421
8531
1453
1434
9870
10843
12594
3392
3001
6726
1479
2215
362
11969
6685
23342
2291
25038
8
23117
5530
23253
10036
24775
7752
23358
5345
12636
6267
23623
20254
5987
3097
12881
6760
8569
13473
1288
3364
21637
19482
22966
6739
8571
7393
246
2605
12325
6586
24603
4920
190
2220
7804
22960
20072
7742
21164
6008
2042
7388
4303
10398
1364
7562
11272
6266
11119
23617
7179
9027
21172
1320
21976
19922
1457
1719
1923
1036
2187
7231
2361
4731
549
7086
2304
11000
7666
11968
11419
4402
2314
21702
7055
21180
1294
177
10464
22657
5844
8552
9877
10120
7710
10076
5462
22661
11201
11367
5704
22478
6690
7569
7682
6424
22327
8613
2047
4413
6571
49
23398
1861
858
2199
3143
2163
390
19928
3343
7718
12850
8592
3233
23631
12445
13039
20104
10314
1259
1609
1524
11930
11813
1706
2922
11791
21094
3404
12314
12350
1938
8879
13488