11110
11839
12214
23210
6166
5415
23743
10110
584
11952
487
13449
12517
637
8547
5403
6252
1348
10305
2190
6158
1520
519
11807
1244
12461
7397
6344
8605
7725
11925
20048
6616
3671
5991
10048
1553
5866
1473
4344
11257
3358
23125
6262
2531
11420
5693
20185
3429
2320
23385
21124
4483
11408
7434
20276
23542
12523
2479
8535
1518
1976
5902
24041
13470
1701
11797
5870
11472
19502
20141
21627
1368
11093
8935
5816
22867
6413
1661
1282
11116
19663
23304
586
10938
23719
12606
7419
6429
1218
3484
6039
2182
410
22793
25094
1425
20167
2282
12901
23532
4017
2475
6974
521
2598
1952
2973
23627
9673
2264
2523
443
2565
6706
11506
23313
5806
4909
7367
3425
10953
2089
9509
10321
2256
10926
734
22122
2658
3482
5413
65
1086
7549
3750
11430
4096
19708
21478
5685
9039
949
5344
3005
218
1748
3023
9890
13251
5719
6060
6580
12729
1070
7377
23722
13172
2103
12364
24038
11795
20725
23529
12630
22930
5953
3794
20596
21988
22303
3332
1750
23554
6425
22787
6226
475
497
10137
4533
11510
1242
2176
10003
21044
12334
5399
6300
5429
5437
580
3764
1138
3342
5671
4154
10013
10825
5007
12903
7805
12244
1230
164
1370
3390
1606
11949
4118
11129
8873
9435
1416
11255
21708
20273
4328
4352
6684
10030
1441
10044
21893
5737
10026
1774
186
1864
12967
8551
22196
13065
1665
641
5888
21156
2662
13158
529
9630
12847
3441
5695
12332
370
3340
12799
1904
4477
1932
10379
7123
11131
6723
1360
11963
1414
6037
10361
13384
7233
4366
23598
1972
23201
3772
23292
11106
20024
4841
188
3675
2668
20138
11819
4163
240
13270
110
130
6172
982
1948
12852
5035
8559
11249
12226
4324
9519
3900
6254
4380
128
6136
6368
4933
4975
12380
12497
21896
1922
10289
7059
22270
1178
8581
5019
2360
21029
6700
23616
3121
23960
1222
1604
7133
12969
7469
19530
9432
2286
210
1216
7375
22543
2053
4831
2214
2435
12858
7201
22107
20129
4288
9539
12501
3041
23600
10413
5794
4945
7762
1830
2081
1713
1930
9053
3348
2674
12928
5800
24025
12597
11454
22369
2069
13278
19657
6074
23262
7
59
4126
9874
10058
7203
1234
20194
23343
6389
7077
20170
13388
3013
473
1010
11829
11944
19995
9882
3050
4739
10381
5860
9888
2971
491
21106
10112
2488
154
12952
12346
224
5701
5397
2129
1146
10443
5459
9000
4316
1212
19611
1988
19980
6980
23408
5357
1406
8877
4050
6312
454
2965
5505
23548
12947
1198
7195
8565
5896
24845
5824
7727
21505
4360
4713
10072
22976
20042
3804
4132
1587
7631
7083
1711
11985
7651
3033
21016
1250
1286
5818
23560
3106
12513
6403
6686
11261
2614
12382
22648
7057
5928
1204
12423
1102
7227
23111
9734
6600
2302
11456
4108
5439
5421
4350
6346
2115
322
10161
11803
20209
6419
11397
3356
8599
22933
9541
2210
7183
23957
352
12828
21953
12390
493
21814
9552
8787
2200
3344
2573
5822
3009
7326
6356
9033
631
6009
1388
854
2111
69
6890
4332
4729
547
23594
9466
3668
6694
22651
12413
6393
23054
7185
102
3669
4851
21644
21203
10565
2567
7559
2105
2656
3672
1106
3118
10955
1983
5409
3055
2975
10094
6590
12003
1110
22964
5814
12429
4400
988
1300
3201
9635
5944
9430
5411
8639
3126
9441
4690
7695
2226
11948
6304
4833
1006
11134
22247
10064
3047
13027
5681
11368
4382
6725
2630
752
11440
12539
354
6220
23286
360
19968
6608
5965
13422
4530
961
9732
11977
7723
55
10056
2498
7444
1981
2073
9453
12306
22356
568
3039
5538
22285
3866
23523
1292
23518
1551
25091
2232
5932
5612
1966
5930
1516
8505
7764
1270
1330
8499
2043
22193
20443
3862
3197
11096
2903
12438
7229
8537
448
10297
527
206
8424
1709
10403
8595
20006
19494
7949
13452
1693
2031
4334
11448
25035
23405
4292
24447
8978
12945
2155
22291
6325
7402
2192
21808
5752
10007
9462
862
1180
6138
4669
21022
4152
1252
1304
22104
6282
5709
5977
23562
7667
7945
1268
6423
24500
1378
2121
11415
13057
4754
2334
11490
1128
11956
7683
11989
3399
7171
23325
1715
5346
9637
22225
20060
12884
4418
6250
12396
10930
1596
2133
12872
21085
11411
9015
5882
11399
4459
4528
10377
20233
12222
8543
4422
11372
24289
22558
3786
12772
9180
5908
11091
24334
6366
2139
12973
5836
1039
3376
11520
5391
8549
6682
204
11243
12533
12386
9443
2095
8511
2636
23243
1164
2644
23189
5427
2622
6054
4003
19974
106
13019
11336
2478
22735
1408
20255
10918
10439
10068
5985
8591
9983
10359
12937
12537
4384
9417
5961
2316
6753
5475
1968
1912
5914
23195
23755
5904
9730
4410
11275
232
20036
23337
260
20135
24645
5703
1824
1248
3178
13007
1705
8629
4340
10009
3370
3134
7221
6915
2571
2362
11981
22004
10333
22738
24467
6168
2392
1926
11239
8458
222
6360
23752
7557
11815
1832
12770
1226
6025
6001
8587
4526
10295
1790
7719
11967
20069
7234
9997
1697
11786
22453
450
12272
23537
3217
12368
2002
7347
6236
144
24001
7385
13494
20206
10932
2020
20380
23625
4481
7713
2620
23731
4301
3437
505
6415
1008
5874
12933
22548
5894
2443
992
1721
7953
5443
9671
176
471
3212
23643
6594
4165
23349
20159
23651
11442
4612
1196
20156
3403
12425
2610
5037
3360
1058
11470
4709
23268
6574
192
24464
92
6372
6578
3015
5447
5959
6078
7450
20728
19959
19587
4957
10373
11518
7069
20188
2923
8529
10815
3679
13482
3019
2208
6592
1890
23233
3447
12531
23734
2109
10922
1156
1144
8902
627
517
23301
25014
1122
4356
3852
5332
4993
12328
8418
3120
23120
1657
264
2145
11380
1433
356
6242
11100
976
11383
10397
23582
10108
4711
5517
234
856
12270
19545
4497
6692
8442
104
21184
24593
6035
10337
2592
3160
4847
22857
5804
23370
6164
2037
19551
2022
12450
2336
21152
21348
12860
1602
12961
6917
1066
7127
2330
5457
242
3193
2586
10811
2280
20221
4330
21737
7199
4813
1744
8781
19660
10383
969
24473
12511
21181
9991
6323
1030
4088
3378
12700
2059
19666
6976
9639
10465
1344
23737
13444
1328
2463
8601
2929
21805
11833
11805
394
11121
12204
5983
116
24459
1918
1778
20018
7177
437
5993
11921
10114
6140
12733
24454
4552
11086
23618
1632
23390
7175
1703
3195
7213
5711
23186
23606
9437
4951
1062
5764
994
4717
22952
11880
13001
3792
967
10309
6598
10453
848
7689
20270
2338
1732
11516
7369
21995
12525
11790
1096
6156
11788
9421
11498
12923
11937
1866
8523
2218
19539
1260
12212
21731
2292
12741
2075
4915
20162
9588
6302
4685
13386
5834
12803
3225
645
6350
4518
1928
23307
22645
6329
10823
1437
2230
2654
2198
4499
479
8575
4461
12194
8918
2935
3229
6033
5613
6023
21001
24630
23367
24448
1080
4040
23414
8545
3445
402
20003
24512
23364
9182
24518
7687
23716
24470
20261
1012
24624
11390
9889
10122
429
6417
2521
1659
2913
1682
21883
20521
24599
1350
9987
388
24028
495
5055
31
2278
20057
1874
5713
10106
11882
7081
3858
6274
1964
9993
11468
4473
398
19593
22252
1622
136
6421
1435
23580
6314
7165
1684
5884
10463
6397
6960
4171
5790
12448
8448
2346
4364
7322
7625
2640
396
1396
5740
12987
5536
9586
7073
7193
11376
20227
23402
21635
7373
24269
7567
483
24504
11125
10311
8434
13230
10062
12246
12278
2326
13455
2431
2369
12981
7131
7217
12435
2157
174
9476
1394
578
21025
7197
5880
2298
7561
5387
24044
5770
1308
1176
1920
11401
8533
7052
11903
22219
5717
5669
2033
22796
19953
12322
7711
208
5802
20258
11890
3205
5469
2439
8444
3747
6407
2097
955
24496
22611
5027
11809
182
1860
11825
4536
256
5445
657
8623
6588
9995
8567
12830
13442
5677
485
22459
214
12702
10287
2266
9029
7940
2367
11084
1104
1402
23608
10391
12493
11945
12444
1634
635
3431
6596
2228
23531
23546
8513
11438
12745
8617
20081
20434
9873
6582
226
20182
11325
4927
12348
12374
22860
9868
11512
1477
10471
12527
23668
6409
12832
4074
1358
23592
1455
2465
12292
8607
23556
12535
12475
12276
11514
8462
7135
3756
23534
12196
262
7161
1016
6027
4011
5999
12310
10821
19608
11958
4342
7355
1431
304
11888
7173
24451
3145
4463
7446
2437
4867
1754
3362
7663
10313
9035
1208
23277
7345
4412
7757
22213
467
5383
6632
1626
21118
12473
11114
1742
23057
20717
7095
2029
7089
6288
12481
22642
11446
445
6148
3752
22604
6376
4116
11927
23621
8645
1400
1028
3048
11821
19919
4469
2927
364
23612
20218
11811
5916
5744
10979
19956
1638
4981
22732
23003
10916
10467
1184
12230
5381
8908
7937
1170
8507
12388
1740
515
11971
12485
20377
6152
11458
12360
12280
4092
6150
412
10050
12298
974
1376
4752
8973
12282
13037
11098
6154
13051
12914
5049
2960
3754
6702
13168
6224
5017
2672
1624
5548
23713
23701
2921
5788
11329
2196
23228
8561
12238
4596
21519
4370
22620
5864
11064
7403
11276
13055
3374
11947
13176
12739
665
4404
20054
1699
13659
12628
9886
1902
23725
6003
11991
7387
19913
2632
3350
3433
5900
4038
4374
22741
19728
9002
172
5922
12737
23689
2962
12210
4326
13152
12946
22955
108
156
7061
4394
1792
358
308
4094
1764
6272
2937
13390
649
8446
531
23065
7337
3326
12491
5043
10421
12362
8641
13013
9554
22456
10141
12354
23204
5417
9175
12308
9178
23346
1636
6539
8460
2427
6911
1512
5477
7381
13257
21302
5395
11961
944
8916
2350
5471
12342
1593
2131
1082
20099
20244
6730
12483
1868
7357
9523
22784
10437
20176
12324
11915
13015
20383
13
1043
1384
12467
23322
1386
3487
2441
2091
9530
9641
7661
4354
12304
12906
2018
11480
25002
7563
1352
23629
2000
21048
19962
2500
13160
20117
7657
7935
10116
19705
380
13059
5955
5526
7571
1024
5810
10982
6336
2364
2274
21388
6264
20440
6816
24016
21097
10387
5534
12864
21647
8838
10299
4048
5756
11500
11281
12916
20241
2170
24502
24778
3158
1018
12224
8975
1838
2244
10102
2664
6399
2608
4098
8931
3802
168
6298
22098
2039
13009
8436
21982
6256
8557
9645
9881
2123
10401
3021
1056
23710
3119
5725
10100
7085
1278
1752
947
7075
2348
5393
20009
6602
10130
2482
4748
1760
23222
3674
2063
11038
11418
8910
5938
501
20252
2584
13164
4390
11327
5750
20224
1616
2184
5353
23289
2055
13063
4090
3352
20743
11108
7448
1608
2077
216
2352
5912
1541
5858
2035
1224
21135
10912
25057
1072
20111
6013
10070
21019
8791
10128
4305
23500
11522
178
2194
1870
22626
7680
10139
5419
3770
6978
5798
9883
11082
23588
12826
24446
4588
328
990
22267
9585
10151
23574
25060
23944
2602
6433
8875
8635
2306
1772
7522
13166
21121
12320
4414
8609
23671
13253
2135
551
1118
12764
1786
9513
12477
1356
21170
1423
1876
7739
7442
6222
23213
1280
12541
2527
8539
4441
7743
10417
971
6017
12951
5342
1882
5727
6230
6391
9014
7741
3116
376
12296
2371
1998
21998
25005
12242
22468
316
8922
21137
5768
1945
4756
23539
6015
10451
6736
12965
10475
1182
11287
12338
3768
9031
8541
12268
12529
6427
11077
368
4309
5856
1872
21922
10124
13029
7551
21743
11247
310
4396
1232
366
5433
11835
118
3423
6056
10078
1324
150
19533
384
12452
238
23238
846
10347
13150
4044
11436
12008
23740
2915
20757
5760
196
1306
2596
6471
3189
9525
2618
7209
7440
13491
162
9543
6477
22279
11406
11285
7353
2956
4609
12963
9872
4157
4386
1900
184
6612
6212
3800
20105
8430
2891
12599
23382
12234
22258
13045
20108
10017
22202
1032
5532
3240
12356
21088
5051
6378
100
5868
5705
4104
12344
5675
21818
3868
13440
5848
3864
477
6284
844
13268
4128
4545
6919
541
1958
6921
9473
7772
5451
7709
24449
4676
25020
11504
9871
5924
5389
13023
22431
9043
2358
1246
7189
9521
963
2504
1200
3330
11906
20063
4437
5673
21919
9447
10082
23604
11474
629
10363
1943
23596
5355
4307
7755
4169
20021
13228
1334
6019
24596
12454
2455
3031
122
2582
3368
6214
10357
10427
7705
22465
3790
8637
6162
5041
2917
2563
4538
61
11460
2010
2008
10293
3856
9049
22450
6364
22629
12316
20247
7653
8428
23295
2490
29
4046
12378
2270
2606
3854
2901
19986
12465
6280
2877
10331
2429
2604
8625
23584
348
12918
1124
13156
4210
13264
5886
12260
19670
1296
10353
11075
258
3788
1322
5850
250
2580
1979
539
3117
21650
20039
6765
7665
22007
5326
838
4013
4114
8525
1776
12366
1026
951
6076
408
11245
23578
2616
6742
1412
6228
1730
11913
22232
3366
4845
850
20078
5948
1332
1443
12326
5918
6972
4019
2071
10423
12507
12274
4897
5963
12925
6584
25026
11102
22462
25200
11452
10393
24455
5679
12005
2180
1956
374
7071
7623
25008
3043
23051
10367
9445
23602
11251
8906
9738
13162
23265
19605
22989
12632
12989
1302
5890
2222
13232
5449
11983
10345
6260
9186
12232
4465
21010
12376
4727
2276
1034
11973
23909
4122
12787
12731
12456
21013
19950
957
134
19965
1172
21484
1314
1214
5731
3784
1421
1828
10080
22553
24786
5979
3210
12977
3676
2553
10281
11270
5053
5846
465
1916
4523
1228
2624
11462
9643
6913
2895
1404
334
4378
11370
9885
1150
5029
7802
13433
10819
2137
3011
24642
11378
13479
11394
20120
13017
13574
3776
1188
1192
198
12908
5780
1374
2588
2646
8980
3798
12284
1600
20173
12943
2141
4408
5852
11450
22482
248
1906
5941
2310
8420
1398
3435
20386
12001
1680
6732
2061
1598
4721
10809
2356
22614
12743
21115
10060
507
1884
23692
21691
23048
1795
12985
3328
6624
5723
1990
23396
1578
9892
23610
6892
8589
19536
7745
23614
1762
20114
23340
3037
23541
19992
11827
20230
220
6142
2041
8795
3796
23219
842
13003
5796
6124
11444
170
1154
23526
51
2113
4475
1908
768
7139
4338
1258
20147
20212
23954
12248
12634
3421
6727
11657
6007
12521
489
8515
6052
22255
25088
20191
166
19497
3045
12882
6296
252
7087
2642
12250
8555
1439
978
1392
10343
4583
3346
21985
7721
1447
13512
24022
1366
21147
8789
535
1202
3439
5898
5528
5031
10817
1326
2907
10303
146
4737
1060
7349
5786
23216
9037
1064
22240
7361
4368
6048
11494
5405
228
11954
306
13033
2159
8503
5351
12874
2451
12489
11939
7219
9985
19931
1994
6276
340
7065
23728
5746
148
20027
9565
8914
24498
4828
1220
2212
12254
3108
1049
11817
622
10411
13467
2931
13500
2467
6628
24602
312
21688
21734
4392
8450
1148
24456
21522
1088
4362
2344
4467
1354
7079
19977
7335
760
2332
13497
6005
1126
3806
7215
20437
6738
1266
2925
8497
12440
20126
22827
10104
1020
19590
21080
7389
23568
20197
12912
1264
23192
663
12398
24606
6080
24010
4843
20153
332
1970
2433
330
22295
9041
4885
10813
3232
5715
2648
1162
382
10341
152
24453
11486
2508
1112
1140
8836
6815
1240
7207
10449
4826
10325
6050
19654
10054
12202
1346
2248
21144
5385
435
2067
342
12944
12471
13476
10098
3139
10319
22439
5735
19998
21653
6270
1728
5778
9742
1836
4969
9455
20740
2638
9532
20179
11886
23247
7467
21103
1910
13043
7232
22830
2012
1312
4541
10032
21178
9488
6146
1418
8422
10040
10375
10455
3236
6327
7717
8517
1674
23355
1768
439
236
6383
4372
5973
23352
12258
4130
10920
142
13464
21516
1475
2272
25029
19989
22958
7320
4921
5892
6044
12801
6286
22623
8615
1522
9737
12463
2262
1646
21158
7703
9875
10405
3673
7093
8563
570
13272
1655
4299
2977
12866
10011
1094
5808
10445
2093
984
23590
5455
5039
2254
1986
8603
23558
8527
5792
1168
23393
8785
5997
12979
1427
23698
6968
230
2905
22264
21271
1950
12427
21685
9451
24458
11909
20264
10369
13236
7685
3184
22125
4688
7553
2469
8577
5934
3471
180
7407
7351
10135
9426
5946
1068
23274
1628
2045
20093
12240
22781
1166
2909
537
1206
5840
20087
19925
4733
13031
2153
21100
3411
1429
6258
2027
659
4719
4543
19554
4758
158
6248
11387
21903
13049
350
6813
2296
3149
4102
22362
8881
23298
11950
9869
23550
6216
1116
6358
24515
10928
7169
7452
8452
1120
21280
12930
1390
10957
11999
10349
4760
1272
5045
7659
11127
10409
3124
7125
6475
7415
7379
13255
5461
8912
6134
10084
11070
2453
13234
13240
12340
24636
3336
3027
8553
12236
9528
5033
1274
21139
6984
6923
22961
22833
533
23695
12519
12446
1100
20200
2494
6232
10015
23379
9548
9047
302
8454
22282
22617
23361
24783
22492
13194
19602
1756
4100
19916
25017
12762
1090
11482
12318
7328
12294
1644
10317
2234
5920
5975
10335
2186
13485
12264
2168
6431
5467
23000
3354
11831
1574
12495
6630
20998
5473
5828
5401
10001
2941
5683
9891
12400
24489
4592
8999
1114
8920
8998
1898
25100
11104
4939
12442
4999
10441
24506
21130
6795
11792
597
1782
5015
2342
4052
57
1310
20591
2324
3388
202
9677
13503
7436
452
1054
200
8585
13266
2484
1142
21050
6535
13246
7697
11841
1880
6744
11123
6538
12698
11
23949
12604
9464
8579
13025
24035
7751
3191
2147
20066
19725
3780
1254
3415
5826
12336
6688
8456
10301
12818
6042
2107
3405
9051
1316
6740
1678
11432
4376
12469
13154
6576
12950
2600
5754
1190
2065
1736
12870
5762
10162
503
21886
1788
1826
9
1342
953
5969
1620
1174
4746
3380
20123
2024
10163
23198
1894
10038
22967
12290
1954
5707
22984
2049
427
6290
22471
2252
21811
12626
9460
7715
2626
8597
12252
5967
23746
8501
4471
1152
7768
24590
1746
6437
1382
244
9878
289
13461
112
9679
12910
1862
4124
8631
3025
11253
9669
2236
6354
2188
9887
13564
2004
9744
21141
6170
19596
23207
2143
5782
8904
1076
24295
12487
25032
20848
12358
10385
2161
12198
4406
1262
10914
4106
414
12256
3409
6405
5758
7187
24450
7401
1695
1084
8509
23544
860
7371
1663
1717
23536
10126
22237
1514
6569
344
481
22995
2051
6698
10133
12216
661
5971
12433
10086
8583
9458
378
5005
10447
6334
4879
12822
266
324
10959
23564
12784
5862
1134
21705
6294
24019
8593
10827
1132
12886
4015
10339
1014
11987
21154
4849
5950
11524
7115
5830
5463
2328
2569
24452
7191
254
4424
2919
22297
404
2652
21746
6177
5330
2099
8432
12370
22488
12228
5774
22112
2006
11823
8982
4479
10461
4320
513
11170
22654
5721
572
2085
1098
959
1074
4167
1318
24476
6374
19702
22359
5691
7438
138
6751
4903
24741
10307
346
7343
7729
1463
6439
12208
2457
10419
22300
6925
7747
5981
2308
11168
7693
6395
1290
3017
639
326
12878
10315
9550
20215
23535
9675
21839
2174
2559
3203
647
22205
24633
8627
20518
4491
21082
6144
2300
5812
11404
9981
7067
8438
21299
7063
23586
10365
3427
12953
6540
5441
7383
5431
8793
5872
4388
11975
1886
1723
5838
12312
5522
11492
23399
8937
20588
10910
2471
12941
9989
6370
6292
10892
6011
7211
8939
1471
10924
23280
6606
2561
10459
1878
2268
6634
11911
4493
12515
25067
23641
12602
1726
9667
2881
7235
6238
12790
13506
7181
7770
9517
2939
4112
5876
1618
4547
1284
20267
3397
20203
7163
24230
6240
3029
11979
10118
132
12949
20102
8621
9880
20734
4723
11172
2492
12983
4420
21109
3141
392
20731
1045
140
10351
19542
20015
12288
21035
7333
6909
6031
23319
12220
25023
6626
24292
22979
441
19944
12991
5377
268
12200
25064
22261
4586
23749
840
320
1186
3115
9979
22199
21699
22790
1892
24457
12995
7395
1936
12262
12824
10046
11993
11946
23572
8521
2290
4346
12509
23271
23060
9587
22836
21161
19934
6622
12266
11837
23538
23376
20084
11166
12300
120
10389
643
6676
2238
7555
6411
4735
7117
11089
5423
12505
10371
6401
126
21133
10052
2260
2224
4318
23256
12394
11241
6352
9471
3163
5748
23647
6234
593
21174
21091
5842
1160
8649
2473
1770
11466
1372
11080
12760
98
10425
19937
12595
6380
3035
6132
7137
23283
11488
582
7947
23114
22101
20051
12975
3227
12384
1210
574
10355
11112
9701
11392
6342
1784
11073
124
4054
23566
12286
22222
7655
3677
23998
21513
3489
6387
2676
2449
2555
4987
8647
13067
4628
12392
9534
1642
6761
23645
653
2506
9876
11799
6338
5926
22483
6348
3234
9490
6620
160
23373
10285
20096
7920
1896
400
7669
8611
23259
22276
2117
5025
2083
3449
2151
3003
12758
5697
2354
6331
7129
10590
12820
5542
9536
8779
2101
20737
509
2242
2590
12302
5540
4311
1924
10457
21740
13011
23316
6316
21481
12834
24004
4594
1130
6763
2258
5957
2447
10096
194
22490
3760
3394
1047
3401
9184
511
8783
10283
73
2312
23552
3056
7167
2515
2284
24627
2502
3766
2486
12880
8440
2172
4294
336
96
1758
22632
2459
1136
12696
10399
11333
13041
22447
12876
7363
11385
21112
499
20750
6362
5772
6029
2206
6572
386
1738
2612
10160
9449
6618
4439
7760
270
2943
2557
576
3860
24220
21167
13005
2057
1576
23250
543
4110
21150
21305
22639
2578
12206
4750
1934
3782
2519
19971
13174
9515
5910
12735
11484
9999
8619
469
9746
6176
3407
7955
11263
6021
22487
24604
3386
1780
1051
6604
7627
10021
5435
545
2670
5832
11878
22273
7707
5524
6174
13509
633
4208
19983
10005
5407
2899
1834
3052
7359
114
11434
12942
2445
4348
5820
5687
3670
4861
2933
11478
20075
23310
20132
23038
21176
1236
11265
11476
4398
6278
13458
24461
1338
23411
24047
12805
1962
11801
9545
2863
12999
2911
2240
13061
4336
3334
8573
23570
2510
12352
2016
5776
2216
9740
1298
1640
1380
10042
6704
9428
5611
7111
2860
3382
7113
4120
24013
4891
2628
5425
19599
13035
12593
1336
5699
21638
655
1022
5742
7365
6536
10407
7701
4549
7766
13577
12868
4725
5766
23576
852
12372
3774
12479
10974
1158
8519
6175
22373
21127
2551
5995
22119
67
5784
9879
1108
1238
12503
10157
1256
2999
3384
24653
1974
9439
22444
2294
2125
3007
318
23225
20783
20033
9511
651
20090
372
1914
1707
23540
11884
11935
12971
6610
2322
4581
12920
11413
11066
1092
6614
11374
10019
5379
8633
406
12993
8643
19947
2650
2517
10291
12330
6318
8426
25011
4322
5878
19673
5689
10323
24639
22216
1041
71
7205
6385
3338
5989
24145
7699
12218
13170
2014
1445
7391
1676
6046
7339
11508
6435
10066
12499
24007
5906
22306
4715
4835
10429
3762
6982
11655
1078
11502
10431
8933
10395
1888
2288
6246
1362
1630
13238
4873
21007
5854
22210
986
2318
1614
1612
2634
19548
6244
23686
2127
5453
9001
5729
2087
1449
7324
754
2079
5465
11331
10435
2525
3199
5479
7753
12948
591
21004
7091
21979
20012
3238
2897
3372
23328
5544
7341
10469
20030
9424
6537
2660
11965
37
19479
12997
25097
13053
20236
23707
1960
2119
4963
10497
2496
11464
4314
5006
11496
6160
3778
11236
2879
6218
2666
20150
6268
6734
4358
20045
12431
10433
1276
22936
7417
2246
2461
20144
4457
6340
9884
2477
2204
23704
2594
13047
13021
3413
1340
6473
5047
1610
10415
63
3443
212
94
10473
1194
9045
4290
7749
1766
8531
1453
9870
10843
3392
3001
6726
1479
362
11969
25038
23117
5530
23253
10036
24775
23358
12636
23623
5987
8569
13473
1288
3364
19482
8571
7393
246
6586
190
2220
20072
21164
4303
1364
11272
6266
11119
7179
9027
21172
1320
21976
19922
1457
1719
1036
7231
4731
549
2304
11000
4402
2314
21702
7055
1294
22657
5844
9877
10120
10076
22661
11201
22478
6690
7569
8613
2047
49
858
3143
2163
390
19928
12850
23631
13039
1524
11813
21094
12314
12350
1938
8879
13488