2721
11207
893
920
558
5653
22909
11692
20546
22823
9151
5147
5295
9602
3826
8667
11025
24973
8661
5224
8731
5293
929
8855
10972
9353
5185
11713
9234
5181
9158
5168
4788
24706
22927
5278
8741
11208
20527
9304
2866
3814
8765
9250
10088
5650
22869
9211
5243
5299
5303
299
4177
6509
5131
6210
5629
5266
5163
3834
7330
19631
812
6307
2542
9336
23964
9149
11206
9349
10326
9299
11744
9280
11714
8657
9372
891
21500
5125
5162
9619
5159
22924
9164
22906
23648
10579
9293
1668
12410
2864
12403
8759
5112
9346
898
834
19651
4767
21924
13313
5164
20718
21622
11227
9285
22536
22818
23665
12614
620
9212
5209
22531
931
882
8703
9210
6490
8659
11233
5256
25196
11875
5618
9214
22918
6492
1649
9343
6115
9340
8010
5648
21543
6112
5200
5310
2996
9201
9273
9208
22528
9298
5324
19582
887
22925
23828
12934
3093
894
9371
9306
6381
25139
934
8854
6495
5153
9706
25143
21957
8719
830
21501
2549
8014
9139
5244
6446
9367
25144
23387
11715
5617
5217
806
9332
21827
3977
22228
9341
9335
12642
5288
8895
888
6447
814
9245
9187
11160
24585
22905
1001
10478
9364
555
9916
22744
5187
835
22526
9600
5294
5646
9914
10901
11876
11232
5111
6442
9145
22523
8685
899
22875
9915
6458
23904
9384
10327
5191
5265
9302
901
19623
5323
21802
5281
11230
9195
21928
23818
9163
10502
9366
9243
5204
2870
9405
5165
11216
9170
21660
8655
12938
20543
9217
9246
5178
10480
5221
21967
20747
884
9277
4698
998
5154
3975
8467
6505
1849
4819
10905
8691
9233
9387
5174
9230
8663
23829
11005
22529
9259
5633
22534
5286
4742
865
21498
39
24361
805
10033
9327
22533
21536
22532
21494
5226
5136
4741
24961
4821
21834
46
8891
9218
25142
22919
19677
8886
5211
5219
878
11959
8751
9276
4067
4771
5220
2420
921
9362
9407
9408
23962
22915
13680
9155
9271
8890
5215
9213
19584
1687
9344
5308
897
13307
5135
4762
5176
940
9398
902
8013
9394
22883
6459
8015
6480
10866
823
6441
9386
9169
5261
9291
10868
12405
8763
20849
21831
10573
3808
20909
9392
9390
9391
1464
3062
5628
8737
7153
11060
6320
9603
9333
23966
5620
819
818
5277
9167
12407
8773
9287
11693
13312
863
9198
13657
9350
24251
1793
9312
6319
5104
12780
8985
5116
1688
21534
871
9209
9171
9193
801
6306
5253
935
9378
9284
5206
5263
22810
9165
1672
817
11743
9141
4740
13204
10569
8491
23858
21537
5232
3809
11237
8984
10504
9345
6504
9256
8777
832
6454
4803
917
23970
12862
5113
5167
5101
557
9618
5280
22597
6119
22922
5127
21493
9338
8665
5254
930
995
9251
8021
11220
9172
9615
22207
5173
4824
6440
13186
5246
5321
5322
11702
890
9224
22527
5630
9918
9342
916
815
5242
8481
8851
6487
2535
8711
1996
9395
9330
9605
9622
9322
22227
6502
9202
9348
5262
21334
875
11215
5128
24426
5636
23512
811
8753
8723
827
5227
3823
24613
6114
12618
6499
825
19490
5616
3838
8651
6498
5302
2543
9282
21545
21661
932
22601
8493
5194
5255
12406
11746
9359
21492
9410
6500
8018
12408
9249
8689
4768
8739
8749
5279
8477
5236
6482
10143
6522
1651
24716
21830
5638
8884
24717
8465
3815
11163
2533
804
21557
19576
869
1002
4798
2865
9150
8713
836
8755
21495
12620
3821
8747
12640
23663
21942
23968
6696
12623
4160
21561
561
3835
10572
314
22521
13431
8743
1941
9917
13391
5291
5207
3094
2869
5307
22893
3973
22814
19629
11213
9373
5274
2534
8892
40
3836
11716
4820
21905
9411
9334
12657
22595
9469
5624
22903
6203
6532
22895
11161
13309
4696
810
5558
880
9148
9403
9290
21532
9409
10178
12012
5654
8473
5180
1000
6061
22926
5213
1733
24187
22537
24959
9401
12616
21341
5103
9303
9351
1669
2718
22636
10899
11173
9617
19621
10900
5155
21726
24534
9414
908
5105
24713
5642
3819
22871
923
24217
22812
9152
10483
22907
8479
19500
19615
21497
9380
8769
6493
5641
9347
5189
5271
5252
942
5652
9140
23824
9609
9231
867
2715
22885
6116
21560
5124
3830
9188
9229
9382
909
23866
1671
5188
11231
10904
6506
3820
10571
5273
5138
23514
833
5237
11234
20903
6117
10167
2340
3811
7329
6444
9219
872
6485
11717
6456
19570
6501
826
8699
5247
22230
19625
829
5297
1650
9389
5264
25141
10501
11718
12622
21833
9318
23827
9254
4772
3817
5296
11687
9379
8899
9168
41
9597
6496
21324
9607
996
10144
4744
12402
21658
599
5298
5160
10479
20388
6664
9623
5223
24365
9228
889
11223
24364
6455
5639
7151
10580
22890
6566
905
22923
21659
560
9399
9247
565
6491
9368
5319
11689
21959
8701
886
9309
11525
313
5626
12010
22517
9709
1992
10145
24367
8705
22928
22949
5130
5110
11712
999
23664
23487
9192
4823
10169
5132
5158
5216
21558
8669
9361
9612
24441
5108
13423
10570
3902
5183
22897
8016
9222
873
5260
23867
4694
9263
5142
10503
933
43
21322
21316
19613
11162
3822
20545
6481
5656
883
1003
598
5285
25244
11225
9286
9236
22920
9404
21336
800
11218
9305
3807
6510
44
9355
9402
6443
24953
9614
1539
12782
10505
24711
5161
5118
21971
9147
4770
21499
13311
6445
21326
9173
21944
19484
5662
9370
22825
9248
23969
9226
563
22889
866
9610
9325
9621
997
5631
6710
5186
9708
5643
9356
1670
22095
4159
5300
9358
3816
20910
5621
24336
12617
6507
8495
8707
23666
7923
895
22898
23771
21946
5282
6511
5320
8757
10477
3951
5098
9237
816
9189
22822
21486
10576
6489
9324
9314
22208
9207
6658
808
22808
11226
10168
5627
8717
6508
4161
4697
4773
19574
5126
21559
9264
5205
5210
11697
5315
21955
2512
941
9223
5314
1689
5249
911
12619
5179
8727
13424
11228
4699
5665
5239
8695
5139
25
11745
21969
9365
822
9294
21948
24615
8487
904
12624
11219
5632
7152
13428
9352
9166
24611
8671
11026
23826
21330
828
22538
11217
813
1691
8715
21656
9241
876
11741
8007
8677
5258
907
24366
9196
6305
21328
5197
12778
9200
19627
9601
21965
9400
11699
5644
9308
9296
8673
11696
22820
8733
879
22877
9239
21963
1734
6205
5238
9369
5122
6310
8735
21318
9238
2537
5203
11994
22806
22530
2536
9331
803
4763
5312
21533
4743
9320
9269
5119
9260
4765
9307
5657
9295
23907
5201
8882
8008
5231
12615
24709
2
11695
2540
5268
20238
5222
8019
5317
10034
9281
556
5107
9289
19617
5141
8679
9396
5649
11266
10903
11004
9397
5182
5166
47
5175
10869
9255
21503
22917
9388
12404
6484
21332
870
24971
21502
2548
9339
6483
8725
9257
11686
10091
10577
5640
23510
8471
9381
24609
6207
25201
22908
5177
11874
8883
7154
11917
8896
8885
881
12776
3837
11690
9144
927
11334
12613
5287
9412
21934
5269
1854
10902
5622
910
564
11221
21930
5619
566
821
5284
82
8475
5149
9275
6120
5157
4783
735
13315
9321
9376
9143
24949
8489
11691
5637
22921
5225
8485
24587
926
19836
7926
19504
9616
22913
5634
11703
10159
8020
21207
938
5100
12775
5146
8721
868
20430
6062
2544
21488
9360
9385
10482
12411
6453
5304
3818
23825
9161
5192
9221
9268
22873
22899
8771
5198
5301
11698
6657
20544
9313
22910
22904
9253
9191
6486
4766
9274
23775
831
22879
918
824
10089
21350
8681
6497
13425
10170
925
9266
1690
6533
10578
4000
11205
9606
10158
3812
11229
21356
13570
9244
11212
22887
13427
5250
19580
5241
802
2868
11701
5305
5663
9375
3810
8894
22916
732
5218
20906
4009
9319
22891
5234
913
906
22912
9160
9613
5123
5170
5235
21938
8697
9413
680
11688
10574
5228
9162
12779
24963
9142
9270
9316
8687
9297
5096
1940
10476
2532
22599
22824
9288
22900
8012
13314
14
8893
6531
8709
5270
9199
8683
3833
2867
45
53
559
78
2539
8011
19488
21352
924
21538
562
9301
9710
19486
9215
9156
5318
912
9611
9315
5151
9300
5283
21338
23245
9328
21973
9337
914
9604
8009
5145
13426
900
21961
807
6529
21490
5292
6503
6659
5212
21728
9267
8483
5309
24363
22901
81
5190
5659
5245
21820
2547
79
9232
7924
10481
9329
1939
9913
4764
3829
5144
23490
20600
9265
5193
5661
11940
9620
554
9292
5666
4778
9406
5240
24957
595
21950
5106
5156
5133
9283
4695
2541
20389
11740
5306
21880
22892
4076
3832
24951
7925
9317
5230
19619
9242
5660
5140
8767
896
928
6308
13308
13310
5251
23661
7331
9377
809
4793
11747
9393
736
9157
5647
11209
5102
12777
874
5114
24714
21754
4822
9240
6494
19572
21936
5623
11222
21932
9357
5121
9608
4769
9225
22896
6488
22535
5196
937
19578
8469
5143
5658
21257
5645
3824
9216
23619
903
1853
2546
11742
22914
3825
22911
5120
9354
22881
21940
9220
5117
52
2545
6201
24332
24715
23649
11214
5199
11700
12781
10090
9374
24955
21555
2861
1589
10867
23967
5289
21926
5208
13249
9311
3831
8775
3813
6534
3828
5134
8693
8729
8951
20853
8761
5655
9252
864
6530
22902
5625
12409
2958
5115
5276
3827
9262
9075
22229
9326
9159
5169
3979
10908
9153
21541
5152
9261
5172
8675
3150
10907
8653
24703
23830
23083
939
9707
6309
877
42
5150
919
5195
21496
8745
80
885
9599
5099
2538
21693
24607
21828
10087
9154
8898
9146
13316
5664
9227
9194
5635
8852
5233
8853
9279
9323
11849
22804
5316
5137
10906
20911
4278
5275
9197
5229
21535
22524
5109
5097
9272
24362
965
5290
21320
5257
9363
892
22593
9258
12621
5267
10142
5311
9310
8022
9624
22525
22096
10575
8017
22522
5202
9278
11174
5148
9190
22894
1004
8897
6460
11224
5559
6457
5272
5667
5214
5313
9383
922
5129
9598
5259
24621
915
936
6321
820
5184
7150
5248
20912
12747
5651
11694
22634
19668