0083
6398
12261
5937
8419
893
7223
3359
558
5653
6032
7398
453
20128
10564
2671
24472
11497
2030
6920
3797
4544
10119
21807
6595
1664
7342
12000
23309
2138
5295
1097
22786
7360
9743
5889
8590
950
4014
2235
12271
2243
6474
11485
5293
2615
6235
20122
530
4926
10018
2430
3478
389
4087
10428
7176
20240
22257
12283
4788
10412
10065
1794
7060
12369
11092
7056
5759
4385
20187
7072
9304
1371
11943
22557
20727
12631
21117
2866
1305
6130
4582
9459
1395
3239
2930
10458
12701
10088
5650
22869
451
6213
5841
4111
5299
2462
4527
970
249
638
5303
11964
9640
19535
299
10318
12412
6012
19991
8558
9452
1101
121
1731
5629
5947
13505
1391
20193
24623
19930
20232
24635
21166
10470
11840
10324
2493
23748
20056
6333
11889
12486
3123
70
24018
12802
9867
22622
3834
6599
4099
8530
21690
7330
9729
19631
13048
648
5714
19988
6922
23378
812
20119
6812
9629
9863
9336
2643
62
5736
1171
1185
11479
24229
12223
6379
10326
24391
9299
7443
22452
24009
1405
20113
12484
4872
13493
11412
1009
6981
3801
10999
3000
23232
12924
7451
4751
20749
891
22780
5952
9434
1040
4355
1694
5529
10822
7078
22328
8568
6605
20196
273
11130
11826
12410
2864
1147
1211
21090
2651
12403
12207
3202
4166
25013
13658
12233
6283
6752
23363
23282
834
3122
6034
23667
9854
12387
21924
8443
7170
3196
20172
4846
4687
1660
20718
7051
2128
233
21622
11227
2319
5998
13175
2134
6349
8451
12193
7445
23291
6339
21736
13460
22449
11118
22818
12829
12614
24641
11465
311
10095
1716
1777
10132
882
6472
23375
11233
5537
4423
11074
1735
7070
25093
11875
1909
5618
989
377
12253
11473
10402
3046
7122
11461
5933
1205
22613
10109
8433
3767
259
9340
10081
19912
229
20217
153
8010
19949
2906
5648
10123
621
19538
8528
21543
5310
213
3446
5712
8872
3101
11816
1933
8449
9298
3138
4595
5324
19582
5504
8510
6523
958
887
9040
12817
21034
13161
5418
22201
6369
12934
6384
4726
13502
3093
11242
6617
23209
9306
1929
25139
7158
21477
1327
21143
2647
23953
10346
11806
12970
6524
22124
21957
830
5849
23249
12598
9475
12205
7919
12846
12821
22866
8014
7088
20152
355
23387
592
5617
4914
4363
4103
12877
9028
5331
806
2595
9341
6575
2323
571
12642
19595
12759
1231
23116
24397
72
23279
12209
23056
11834
1871
3040
8455
2669
5288
12449
2667
10071
10424
888
11445
851
1761
12474
814
23191
9245
3099
4548
4950
3140
5024
9187
859
58
12379
3428
5734
2283
24585
8837
1341
1353
1905
22542
19915
9470
6629
7138
205
5785
11431
3476
555
2587
12761
9644
2363
1722
1643
10410
6979
12343
12359
10308
6161
20190
60
6701
24411
12976
835
4353
175
3125
22789
1913
5294
5646
12885
1973
10138
12823
5881
12437
1753
5988
2237
2150
6973
11876
7334
1121
11232
662
12915
4170
9145
21952
12397
8600
5527
24015
2481
22464
9431
2034
6562
7370
1767
3414
21304
8876
9461
20008
4306
10372
2932
5325
10327
5575
6412
23908
9302
6891
101
19623
13062
5323
3333
21802
5281
11230
24291
21928
1456
21018
13036
12351
12962
12603
5052
9243
22975
20736
4093
2011
11818
6347
22003
5897
1865
7134
385
135
7068
6353
1065
6691
1949
12938
19544
397
5531
1937
1011
12247
21918
1781
23410
20246
4337
6010
25019
5718
1333
24034
4369
21967
21810
11439
24040
12385
884
4698
8548
1639
4720
12819
6257
2092
1207
4525
19955
2253
12227
21975
4627
1291
5761
10396
11515
13439
3678
12462
10125
11235
269
21984
4819
21163
20181
1515
8574
9032
23206
12466
9978
1187
12627
21157
4381
4593
12299
23943
7668
4830
8790
1675
4517
6625
1075
7650
23517
23742
4107
2649
11250
4153
165
11830
22832
1980
10312
5633
12964
23956
9177
5500
8598
6357
2890
3369
24785
5286
652
19970
21114
8618
10097
4458
1219
1921
4097
12391
7218
1309
11088
21885
225
865
3049
8622
39
805
10033
20208
25099
1169
9848
24333
1629
2231
11822
11443
25096
2589
3379
11400
5801
24961
2476
23059
6324
4821
12480
217
2118
46
1337
9676
4089
4591
13652
4668
1157
21024
2896
6613
149
239
878
22209
20020
157
345
11959
6762
5913
10099
8606
5994
1401
21921
11061
4848
9853
24629
10432
13457
9674
13576
11437
5341
13245
7336
8447
7390
1947
1115
7767
1859
2122
10342
1381
1217
11802
5751
8550
646
3765
7439
5503
11105
10452
8928
20272
4812
7216
19584
197
405
5308
1783
1961
2152
22215
25022
2132
23727
24422
1293
3347
4012
8013
2023
8586
20041
8015
23745
20733
19961
7338
6703
5954
13463
1355
823
9634
1125
22103
4125
2611
267
9030
12771
1319
21279
11836
6045
119
8612
6408
13032
9291
1875
19979
19943
10134
319
12405
20849
2450
534
23267
10364
23215
1617
11069
20080
3216
12377
3198
20436
8925
8556
12215
20739
4974
95
2859
23404
9736
2028
1464
19924
10025
5628
6151
12430
3475
329
5765
1605
24420
10077
1087
2619
4304
19493
5620
819
10430
21646
11441
5956
4834
1071
10927
4732
3105
12407
9287
22443
8794
1963
4109
13159
19701
20077
6962
863
10129
13657
5042
12213
4377
21009
12273
24251
1793
349
2613
6319
4944
5104
12241
13010
12780
54
1519
5046
23709
9642
10079
11517
22218
221
141
2464
5343
8596
3391
23246
4127
871
21049
11435
12353
9852
464
20059
8560
6609
9193
1428
22192
1985
801
1552
6306
307
12239
12909
2110
22121
9378
7400
12291
21012
12490
6337
21518
23212
11905
7441
361
12199
12528
24389
24488
137
12395
24288
12917
7084
2900
2609
20997
11065
22810
9472
23110
22829
327
1189
13000
6525
6133
817
8445
1430
9851
1470
9141
1017
3044
4740
353
4844
6623
1145
10456
8628
5040
12879
12217
9638
8417
22290
11396
1193
22097
11832
11237
48
8500
4393
832
7346
12984
20166
2136
1759
13155
7356
10434
13454
2209
13008
4803
8421
22461
8614
2924
50
7062
25010
6018
5688
22305
5101
557
1641
13229
19553
6128
12635
9418
251
2142
5873
23315
8457
11929
11481
20086
11469
12389
5280
7124
8782
5817
23697
25001
22597
5498
5670
10454
9446
2591
21981
20101
19541
23685
13269
9338
8594
5767
20235
1317
1987
2140
5374
10330
1835
10069
13484
4542
23724
159
2633
5014
20257
22372
7074
5371
10350
7076
2916
6287
10075
3226
1159
13030
10392
8021
99
12534
1911
12825
2229
12341
23194
540
4824
12285
24144
4347
5321
5322
1925
5416
11389
20243
12849
13421
1081
890
3432
11128
1729
6341
1046
13171
630
5630
9342
815
23300
1325
19927
22438
3371
3755
1233
2568
24407
13277
8514
5478
1607
2997
6583
1197
6581
24046
1440
12243
6322
975
4722
4608
309
6392
7206
11244
5003
4302
2641
6814
11990
12295
13441
13490
952
21334
626
875
2195
8504
7382
2862
1773
5636
113
4115
5516
811
827
2625
24613
5501
407
10408
12998
12618
2970
7332
10374
4878
21298
24268
10448
12633
4373
847
825
20269
1476
139
9003
19490
4551
3367
23395
7080
5616
3838
11992
1281
12257
10127
1393
10426
1625
10302
19994
7761
5302
5036
1349
1696
21545
6607
20178
581
12245
3803
3481
22601
10338
12422
5763
10406
1965
19958
3095
855
7372
12406
2673
331
22284
22106
4387
23381
12263
363
2036
5350
9859
3777
10286
1038
9988
12596
20382
8018
19997
3327
305
3385
12408
6361
3751
1677
5980
1019
2225
10589
13511
23258
11787
1107
1109
7228
1347
19598
1103
19496
10143
3157
2327
8566
7946
6522
12994
11240
13173
5638
24740
11953
21652
1603
10000
2934
985
23948
4537
13153
193
3008
20005
804
19576
869
5755
4798
2865
13508
2665
1831
12540
7188
12625
20724
836
24632
1131
12620
4440
10954
12640
5743
21942
442
6155
12623
1073
22999
5730
561
19607
954
10362
656
3835
13046
241
10298
5406
314
4162
13431
6627
2485
1191
1941
12478
235
1627
13391
10386
12275
1573
5291
3373
10136
5692
21684
3094
6165
1452
11417
12337
10063
1265
3479
19547
13573
1654
12201
7416
10146
4436
2520
5307
1712
5352
4714
6002
6809
1367
3194
8506
19629
10280
2106
4359
20047
263
12221
22294
6914
3771
1454
22856
4710
24417
10053
401
40
129
3836
6297
5354
1385
12225
4351
1597
11373
3486
9044
7396
23959
1656
23237
2432
1042
5747
1033
1989
4156
23694
2454
4820
2436
2570
21905
4827
2505
10973
7435
2221
12301
22595
1149
3228
9469
2904
317
1091
5624
24460
13385
3014
11451
91
21301
7447
12002
1044
4696
810
1137
1837
6959
21892
22272
987
10981
23119
8926
2878
13028
880
11037
2876
9290
4117
19653
1741
6051
2359
11808
13190
4724
22278
22198
2631
4998
11505
12333
10316
6476
5654
341
117
2169
3440
6977
22212
8459
5038
6061
3781
1462
1095
9179
6697
5502
9416
23366
2653
1523
6418
8786
2495
8626
1733
24187
24959
12616
3355
1183
5103
9303
23525
12883
22636
22368
23348
19621
22111
21987
10810
1833
19656
6386
20263
20098
12287
6311
3424
4866
20223
9419
4992
2998
13451
6365
4401
20439
23255
1345
11972
5105
1375
1085
5642
23197
5921
22871
12393
22231
1239
1631
1111
9036
223
6367
2655
2124
12367
2577
12447
5690
365
20716
3028
4842
1313
22734
2343
20205
23261
3361
24626
2572
10014
19615
21483
9380
2315
13267
9998
12831
6400
181
8437
10416
5641
3339
12851
4902
23252
7208
22458
1403
22477
13022
56
7159
5652
9140
5940
12443
1383
3363
1201
2910
22994
7939
11410
5535
22783
22731
10037
21521
9636
5497
4546
3791
4119
11920
24037
2442
867
3100
5833
22470
21111
21817
5905
1141
6591
10006
1093
19589
20517
19501
257
1061
21081
12335
12789
2552
4333
3830
9188
21804
12455
22859
11455
2217
22324
8429
7116
9382
7082
3016
24592
8520
2351
5574
2627
2112
4131
11459
11231
5809
1919
22795
993
21140
11933
2509
3329
1089
11414
1763
21126
23185
20595
833
2126
11234
2661
20229
1700
11810
6667
13052
7433
1513
12349
22275
1448
10292
3420
10067
1129
25037
8554
10440
9741
22302
1698
11260
10958
3488
10101
1277
2003
10117
7329
12428
21895
347
1953
4745
2281
1007
5543
20146
1613
1077
4113
19672
6983
3448
4456
10390
596
24475
12506
872
9849
2120
11457
10462
1339
19570
2259
237
826
6313
20442
19976
6733
4755
19985
109
19532
191
10304
8582
12510
8526
6794
19625
23688
12195
829
5297
1873
11090
10306
9672
6693
3022
4675
5329
143
12365
2894
12399
8522
4129
12622
6049
11393
12769
1879
2579
12211
640
247
6215
10105
23321
1223
1167
6404
20038
1175
5296
3107
391
2926
167
1343
10368
5708
11509
9379
36
23345
20385
11072
10310
1215
10828
41
19933
20062
7759
12441
9444
6351
187
7168
21270
21324
22932
10016
1311
2317
10144
528
12988
1785
5726
20137
1307
24395
12402
4716
3474
9986
4728
5298
21347
6615
4540
5541
6577
889
10010
23318
24495
2446
12522
2166
428
4896
2526
303
1303
5639
20023
6633
13149
11386
1550
8921
1944
7064
8580
6568
5745
560
1869
8461
11519
6167
11487
565
23200
1521
11371
22957
5319
1969
9731
1724
21959
10296
20029
12972
5970
2301
886
4399
4956
313
2675
567
5626
20140
22224
962
2102
24514
1127
23064
845
4331
7354
8588
3389
10145
4585
4708
8927
4391
7348
10020
24777
10814
11471
6355
22949
219
2623
9865
20116
4298
3749
11475
3030
12524
7058
12347
1971
12267
12978
2297
5672
12974
2593
4327
6527
5499
9192
4823
22826
2021
12873
426
5018
10035
7394
5931
19952
11511
9042
7162
351
243
13014
12990
25025
23407
131
12383
8874
5996
7186
1927
1053
13054
9735
2497
4832
6289
4168
25063
8016
10107
9860
7110
8532
2501
13018
6406
6157
12911
11483
21813
873
1727
1377
5968
21021
23706
21108
4694
10336
12504
43
5724
10394
1067
231
20260
23413
21322
21316
19613
12986
2165
1351
25007
1229
22935
5372
11503
654
4389
5656
883
5285
6371
3162
413
1209
6573
9745
9236
2223
11284
11375
13024
21336
6589
4105
800
2489
25087
2337
10404
9305
5757
151
20002
3159
1823
21634
11407
575
9436
12699
6918
12536
1389
6528
23270
44
7196
9465
20184
12520
24953
2657
20053
6731
1539
12782
21733
12532
8518
22446
10937
21971
22954
10352
301
1907
8423
1369
6137
3410
2468
21326
93
6
1619
21944
12297
19484
5662
1407
573
3753
23721
12357
19586
10288
6593
12203
563
11467
2019
24589
12281
13040
10031
866
13233
1714
21000
24774
7763
2599
111
12936
23369
7126
5631
4345
28
4980
6375
22740
12309
2456
5643
19982
6579
10083
11377
5696
6689
5300
12757
1155
12345
1662
1420
5935
21882
20107
1289
5458
24595
5621
13056
10816
548
2908
9463
12800
20050
5048
24336
2912
538
12617
10382
10438
10348
1177
1993
6153
1478
1771
411
10344
6750
22221
1540
22299
21946
64
5282
23336
5320
4884
5678
5668
12305
1135
11908
6149
1133
21123
23306
4361
3190
10045
12313
5098
816
9189
3434
1245
20520
10041
2233
2898
5984
20202
25031
7449
21486
189
12875
1323
2104
155
23221
3188
808
22808
12426
5627
11828
12279
2167
3444
2038
6587
4161
4417
6317
4697
4773
13227
19574
7130
4409
5386
10468
9050
11252
23712
21177
2307
5315
20143
227
1299
12927
20251
11382
9864
13026
21955
6315
10121
1387
1917
9034
5314
6526
12619
10039
12827
853
5373
21028
22251
103
11228
12255
4699
9739
20092
12494
1105
1267
5665
21102
10388
24421
21969
9420
9861
261
10002
7384
2428
2583
822
6330
9294
1365
201
11085
21948
24615
2639
7801
12624
590
1725
4397
4319
5632
9858
2938
6724
447
7378
9427
21739
4367
19921
5030
24611
325
2313
9423
1005
3436
1285
12277
436
21087
5396
828
13165
24027
3200
5972
2942
11955
23700
813
2185
9843
12434
10444
12697
9241
876
10320
10929
8007
10047
12464
12329
4890
11960
6305
8431
125
10418
9866
5741
12231
2635
12869
6145
22481
1143
3010
12778
23739
23354
2162
7366
4908
19627
6038
21745
21965
20275
5644
25004
9296
10055
2487
11449
12980
22455
1739
4411
2064
3325
12321
4151
11254
879
22877
25090
536
9239
1023
21963
1982
1734
20026
1179
12
440
12307
21318
24399
9238
22737
11962
6359
4121
2054
1225
12929
11994
1321
22806
3387
6363
24393
23242
6285
544
6737
803
22296
5312
8924
642
22254
11095
7660
23113
3142
5657
12907
9295
21649
2974
6159
1743
1213
13496
1271
24511
8882
10400
4383
21099
7765
3789
6402
8008
12615
2601
6910
973
2
12323
21096
20238
948
20017
66
23718
8019
22983
2955
3775
7418
5974
10034
4535
3357
10442
19727
556
373
1083
4932
1887
12439
9289
11332
359
19617
4749
4587
1436
11133
12259
10111
13481
9438
371
1779
444
10420
12982
23285
2581
3430
22430
1057
8784
23751
6563
5694
5649
1247
107
3018
21626
3402
12453
5676
532
7374
20175
12601
1079
2017
3795
3054
10354
23522
13157
13448
13237
1623
4747
19665
5075
19973
2961
3412
10085
47
5749
6764
526
12763
2585
10093
7662
23715
20044
12404
1442
24021
21332
870
9181
9994
12863
8616
10284
23297
9339
5034
12363
3783
10474
2438
6016
5032
10091
21079
12905
23050
8498
2470
1755
22547
5640
991
13004
11126
9381
24609
13151
24403
9845
3036
24000
24401
23703
5028
2341
11398
11924
11495
23733
24463
20125
12538
21994
849
3761
3426
1438
11874
2550
10496
8608
644
1601
4738
4016
1069
3349
881
3787
12516
12776
4532
127
7198
12229
25016
3837
13231
8901
1357
12460
9144
4753
2458
3004
23288
10956
22260
12451
1315
11334
12613
6211
9174
5287
6396
1055
12311
383
21934
3012
5001
1854
4323
1737
2025
11248
20035
22835
3799
5622
2976
564
23730
3353
2368
6705
9862
8576
1444
5949
24844
20134
21930
7362
4379
4405
10322
5619
4718
566
2191
821
4529
8427
5284
11814
21742
6420
24517
23327
1329
1295
2472
7350
4783
10460
21129
8425
10340
23218
22266
19964
9143
24949
5739
4407
11405
10061
215
97
11328
7340
13487
22236
1621
4101
4321
5637
22100
6470
7466
7358
24587
11926
751
1422
1397
21387
13016
2637
2603
13383
335
22603
5943
21006
2084
23037
5634
6047
10159
12303
19550
6619
8020
5521
2355
22610
22552
5100
12775
1891
8435
68
10051
13163
11824
23053
20071
12355
868
10049
9454
6062
9457
12605
11326
7771
115
5680
5700
12219
24638
2507
7437
21488
3400
24006
6912
3473
2219
1769
3002
13239
946
13466
1063
8502
24219
10294
12381
983
12411
11286
339
3032
3034
20032
6279
21084
5304
12251
3763
21902
8508
1791
4091
5698
7114
21838
2347
255
1173
1679
11335
5674
22873
546
7376
4375
857
5301
10148
4341
632
22263
6916
20014
1749
19936
2255
13066
7368
2205
20266
145
11932
20590
11403
1718
4335
1751
12900
11256
9191
10282
1163
10029
1165
6373
11934
5496
4308
4734
24024
5044
20226
831
12871
22879
3759
22006
824
10089
5547
23203
21350
19669
3144
4325
11369
1059
9185
11501
4395
13169
21047
11205
10158
2902
3096
2499
11229
3438
12339
9244
2357
1195
2130
3351
11212
22887
6416
2659
19580
1113
839
3204
802
4759
10931
6377
12482
2940
13006
9026
1117
10978
5305
2914
1897
179
5663
3477
9375
10472
23264
6173
1931
12902
3853
1611
1399
12317
245
10436
1775
21043
23324
23047
23276
3183
658
2629
3026
7380
21938
21515
1592
1877
6390
4419
8788
1789
2007
4850
5929
13235
10446
12514
1287
2116
6345
11489
12783
6975
4123
10366
6036
23389
7769
11978
10818
1424
1025
12779
1595
24644
24963
22239
23339
11493
11246
10808
9142
6163
19604
1153
2474
11902
11812
20110
6237
10004
20068
2171
9297
12293
1221
1885
21105
13034
1942
6004
6291
5096
10156
10476
6043
23188
4339
22599
7136
9288
11838
12804
10370
634
11936
10300
8012
1050
7132
7468
1237
22647
19946
3773
265
11928
9670
20211
13038
449
2108
7066
11513
5710
1673
6889
333
650
569
6388
13265
3833
6332
3406
4986
45
53
4164
559
1702
8011
19488
19610
1645
21352
13387
3098
1658
8624
2321
562
9301
19662
19486
1119
542
6143
1361
8584
9450
5318
8496
12968
10103
20756
20433
5283
21338
11499
5376
6343
3341
5523
12265
2040
21730
23736
12498
21003
6328
7112
21973
3472
664
1048
3398
9337
22118
315
1031
8562
4460
1273
11957
1181
10378
8009
4300
5533
3393
11453
1251
2366
24466
753
1013
9856
12007
25056
4962
123
203
7566
7399
12966
2524
21961
577
807
10290
3053
10012
13050
1261
11789
21490
321
5292
7178
12197
3020
6394
11379
2597
1446
10380
1720
11079
1975
10376
11980
1765
5016
20065
12472
4580
5777
3408
1957
1249
133
21997
13256
288
5309
12468
9442
25066
1227
4315
2213
1747
24294
163
19918
3480
5659
10008
12798
7386
13044
21820
24405
6014
12530
2452
211
1373
7054
4938
8578
1331
11384
8780
173
24387
12237
4349
23384
6631
981
3051
1161
3337
1939
636
3829
2277
21146
2015
13389
10422
7352
6603
19601
2353
7321
13472
2074
1241
5661
24043
11940
11200
1123
554
10113
5722
9292
5666
24419
4778
12249
8441
11324
8778
1955
20149
1692
24957
7225
1637
13002
4438
4736
21950
13042
10414
5106
12500
9668
4695
11785
6006
20155
171
11804
11330
1243
13058
169
13263
5306
5986
21880
3832
2621
1363
3381
2645
24951
8564
11523
3335
23691
6169
843
13060
8792
2972
19592
19619
9242
19529
5660
30
11238
11391
6908
4310
5825
1615
1335
7128
1027
8439
3024
8512
9448
20730
1787
7331
9377
6735
2289
23273
809
23754
6055
4793
6299
6410
5647
7664
5102
1263
1199
4712
207
21504
12777
21015
13167
9052
12361
874
6382
6171
434
21754
1511
4822
6687
9429
3470
9844
9980
24413
1472
8524
5728
6335
11931
1881
9240
7568
6129
5769
10384
19572
4317
8620
24003
12476
21936
21643
10466
1517
5623
10147
2293
2080
4730
5982
21932
23401
2241
4522
1379
2918
22204
20089
2448
4968
837
1915
6326
6924
19578
1935
10
660
5658
2928
21257
7319
13478
11076
5645
9678
272
8516
12470
22246
9733
7392
3793
13012
23372
11115
6259
2466
3485
2032
2164
20074
1745
21978
12518
12867
23002
12786
19478
13499
2522
23312
10332
2203
3483
23499
3365
9996
25059
3038
1432
10891
395
1683
403
21940
2503
1257
10826
11429
8453
2309
20220
1681
8610
1279
11820
12432
6601
2936
8604
12269
1959
10149
105
185
21183
2663
52
6131
11951
11477
11521
6135
9855
9440
1757
6611
7327
24409
10334
12695
10043
12913
22988
5370
3442
5945
12781
10090
10820
24955
6971
1275
21555
1099
12992
253
11463
12922
2861
3042
23227
5539
1297
1474
19481
11280
10952
7323
10115
9857
5289
21926
4329
20161
9004
12004
3769
20131
6281
2483
1151
1015
4689
4357
628
3831
2920
10824
5753
7344
209
5992
22281
19724
3828
11798
20214
147
22467
5720
10812
10057
12960
11491
23224
21120
2617
19967
3331
12833
12373
20169
1253
12865
23997
5655
22951
864
12502
2026
2440
5625
6139
12409
9847
23360
1978
2444
3779
2349
22269
161
5050
4403
12996
3192
4365
3827
1426
1704
20011
5686
9075
4207
5857
8880
25034
8878
3345
5525
2460
2239
13475
12371
12315
1255
3396
12327
7944
13271
438
12319
11433
12331
24012
12629
8570
6729
22195
12492
13064
9666
12424
4371
22978
20379
24469
1301
579
1269
6000
20199
877
5958
8572
1283
10450
20376
11507
6597
6141
9183
42
7521
7325
5026
9038
7936
19707
9850
4860
6147
1599
21512
5682
23392
11998
885
13469
25028
9425
12496
5099
9846
12375
10925
4600
24607
2227
23124
3211
1035
21160
10087
6621
23294
199
2491
12488
841
5664
5576
7364
12526
13020
22326
9194
5716
5635
1029
861
2434
4684
5793
2325
4757
5706
4825
1021
24598
8602
12932
4095
22804
5316
12508
960
3785
1951
10150
21093
22486
2114
10059
24782
3422
5097
6414
23528
21202
183
22963
12235
1139
12289
2370
11447
5290
21320
11113
2607
23357
4343
892
22929
22593
1635
12919
5438
21480
6585
1203
1359
12621
379
5865
10142
12512
2048
20158
6681
20095
5311
23351
23303
4421
1434
6685
23342
8017
8
5345
20254
3097
12881
6760
21637
22966
6739
2605
12325
4920
9190
22960
6008
7388
10398
1923
5667
2187
2361
7086
7666
5313
11968
11419
21180
24621
177
10464
8552
11367
5704
22327
820
4413
6571
23398
1861
5651
3343
8592
22634
12445
20104
10314
1259
1609
11930
2922
11791
3404