3173
11758
20403
3174
23899
4582
23630
6599
5714
4911
23901
13100
5736
22325
13078
13081
3202
23282
3196
12767
12768
19941
13101
21205
4584
5712
3101
23900
4726
20559
7158
11806
12765
24374
11753
3695
851
3099
859
5734
11749
3176
4217
4982
5718
11235
23206
7668
4153
19970
1309
4219
13089
13075
16889
23854
11757
13652
6762
23903
4158
11802
7439
10887
13086
23857
23850
1319
23985
3198
23989
11754
13092
6609
24123
4221
20997
22665
6082
4934
1317
4910
4220
23902
847
9046
24327
13094
20372
23853
3095
855
13095
5730
9705
10146
22550
3194
10280
20836
9044
4827
23897
4959
4985
20164
11808
12926
4218
1239
1313
11756
4937
20408
3100
23983
20555
4755
24376
4216
24125
5708
4912
1311
23896
5726
1307
845
4983
13082
11751
5724
3170
6528
8871
20401
12766
12357
4913
4215
3190
1245
24227
11708
4222
6587
9050
3171
6526
13077
853
23849
6724
3200
2883
22664
4888
4214
21649
4886
25314
23987
4958
11752
1247
11750
4747
6764
13083
10284
22547
1419
4961
3172
849
13074
1315
4960
23851
4718
13098
13099
11824
12848
23855
857
4984
10148
12727
10282
23446
4734
23852
3096
839
3204
23235
13093
20593
12809
11838
1237
5710
13090
13096
11755
3098
4213
20756
24372
21003
4212
1251
1261
12788
4580
1249
20368
19918
1241
5722
13076
20155
11804
1243
11748
13263
7809
843
4236
1263
21015
5728
20784
10147
4936
13085
13097
19478
9048
1257
10858
10149
3175
20370
22333
19481
4935
5720
1253
3192
16888
20558
1255
23895
13087
12424
4887
20557
13088
24225
13084
20374
841
4223
5716
861
5706
23856
22486
4889
23357
20158
3097
6760
23898
5704
1259