1664
23309
22557
1797
11964
19535
1731
3861
21166
10470
6859
774
11673
1009
1796
6544
1694
21090
1660
6707
11111
1716
10132
19949
20586
23640
13135
21143
86
3857
22400
9470
552
1722
11107
4306
10358
21175
9083
9102
3863
19955
21163
11671
21157
6863
13393
19970
21114
11195
25250
11667
11105
12436
19943
1708
10364
4250
11190
11668
19553
6857
19541
24725
11128
1729
6581
23654
12257
11109
589
1696
11194
22249
10362
19547
1654
12201
1712
21151
1656
12002
3867
4081
21149
21169
11192
22111
12851
21111
6041
20366
1700
1698
19985
11090
10500
4677
23240
6577
1724
21173
11193
11976
3865
19952
13133
11966
1575
1727
21108
25278
11970
21153
11670
616
8923
1662
4035
1478
10344
295
1725
3208
6040
23354
12853
21096
21314
3859
10354
11191
10474
7803
5521
21155
1718
10472
3853
10366
11978
12018
20585
2406
19946
19720
1702
1658
10588
11672
10360
24780
21146
11669
1692
87
10356
22986
13134
12269
21171
22692
3855
1704
4021
19707
13136
1710
21160
13392
21093
11113
6585
6861
11666
11968
1706
12017
20584