893
5653
4788
24721
9304
2866
5650
20232
9336
9299
891
23648
9293
834
21924
11227
882
11875
5618
9340
5648
9298
887
9306
9706
21957
830
9139
5617
22228
9341
9335
888
9245
835
5646
9145
9302
21928
9243
21967
884
878
9291
5620
9287
9141
4740
832
4803
9338
20235
11702
890
9342
2535
22227
21334
827
825
19490
5616
10143
2533
4798
836
21942
4160
2534
21905
22947
5624
880
9290
6061
9303
20223
9419
5642
942
5652
9140
833
20229
826
22230
829
21324
10144
20388
889
21959
886
5626
10145
21322
21316
883
598
9286
9236
21336
9305
21971
21326
21944
19484
22943
5643
5621
21946
22945
9237
5627
4773
21955
11228
21969
9294
21948
21330
828
11217
9241
21328
21965
5644
9296
879
9239
21963
21318
9238
2537
2536
9295
8882
2540
9289
5649
21332
9339
881
9144
21934
5622
5619
4783
9143
11703
10159
6062
22941
20226
831
10158
11229
9244
11212
11701
21938
9142
9297
2532
9288
78
2539
19488
9301
19486
9300
21973
9337
21961
20600
9292
4778
21950
2541
20389
9242
4793
5647
9240
21936
5623
11222
21932
5645
21940
20220
23649
11700
21926
5625
22229
877
885
2538
21320
892
10142
5651