12261
13670
24234
13581
23603
11853
24168
4385
13669
24133
10499
9813
24223
24863
24211
23099
23609
13582
4355
24249
9790
21791
22392
20217
25108
24865
11893
4363
13121
10071
2412
4353
13605
24158
12437
1052
11899
21853
9753
11900
9766
24520
9769
23410
4337
4369
25208
4504
9774
4381
4505
4069
24232
21066
20760
9796
24233
9805
24166
3765
21295
25072
21793
9757
4304
19476
4377
12273
7535
9948
11898
4042
9789
19556
9748
4393
24207
11895
10069
10171
11852
4347
23300
13337
13594
9787
9759
24864
10448
4373
6111
9747
24866
10074
4387
3777
1019
9756
21776
24135
13124
4359
4351
13593
6959
25195
9760
3781
9804
9754
9765
19697
4401
9798
22388
9783
13221
11896
9799
21784
4333
13068
4070
13340
4509
24167
1007
22114
5607
23345
20834
13617
13606
6568
21064
4399
4331
4391
9792
4327
4510
24224
6070
13629
24748
9801
4389
2413
24162
9795
21780
9793
6570
4345
9750
20050
13630
4361
22500
4409
24134
4397
4319
9775
24191
4367
4514
23859
9949
9074
9751
4411
22498
24867
1023
9778
21285
4383
3789
4516
22502
22496
13222
23297
9807
3783
3761
9786
3787
4323
22390
4379
4405
4407
24213
4321
13618
13333
11894
9777
3763
23607
24164
4375
24248
4341
24746
24159
25207
4335
24163
11897
13280
3759
4325
4395
25074
24855
22396
13319
24209
23622
10446
12514
10498
22838
13342
21898
10073
4339
20211
9772
9101
13069
21795
9802
9784
24215
13331
22675
1031
22394
12197
4315
24165
9771
21439
4349
4041
22494
1027
13679
4317
2414
22109
13123
9762
9780
11901
25106
13329
4329
4357
20214
23224
9811
23605
3779
4403
4365
13122
7918
4371
10450
9781
13341
13335
24862
1029
1021
3785
9768
9763
4343
9810
23351
24250
4413
24222