20083
13259
10564
23845
20576
20421
2615
10428
20240
10412
10065
24168
10458
4111
638
9640
9057
10318
24666
1101
287
10324
9059
4916
23378
24009
20425
13376
10822
9054
430
3058
12193
21849
23375
12253
7122
3767
13620
2906
11854
4965
6384
6617
23209
13619
11893
12205
13284
20417
2669
12449
10424
4918
3140
5024
9924
13642
12343
24158
1121
24015
7370
11899
24826
5575
11900
13557
24291
23787
4917
23975
7134
20775
12385
4720
6107
4504
4505
13632
4069
24794
20428
20208
6065
12480
2896
4942
10432
9674
4988
7390
1115
24166
9058
12458
20840
9634
23890
1125
4990
12814
23215
20436
12215
23404
13105
24420
11898
4871
23212
24389
6133
11832
13671
23315
13596
75
2591
11895
20574
10330
22715
2916
540
24814
6341
12888
24407
6786
6322
4892
10408
23395
581
3481
10338
19958
23844
7372
23381
284
12596
6361
1107
1109
1103
1131
10954
4895
8839
10386
24178
8958
3771
10053
12225
13672
24830
21301
12811
21892
13104
10316
23366
2653
4991
11020
12956
1833
20098
12287
24798
12393
1111
24189
24177
10416
24834
11896
10037
24037
20517
4941
4070
22351
2661
4893
4509
24167
1129
11855
10462
6186
24676
23843
640
20038
2926
24810
24874
12441
6351
4728
23889
23891
6615
25075
428
5553
13381
1127
10551
24838
2623
4298
12347
426
4510
10939
4894
13317
7110
2501
21021
13107
23097
24317
6371
24162
13371
10404
12014
20184
9056
20598
2599
23369
4919
10348
6750
23336
24822
1135
1133
23221
11828
8955
20566
1105
2583
19689
23977
4868
5030
13106
1005
12277
24027
8956
10320
24818
286
8953
24399
3387
544
642
10400
6402
20794
22695
3775
13562
4749
13552
10420
7374
19973
10863
24021
13542
4966
20415
5034
5032
23050
5028
644
4967
12460
12451
6180
21067
7362
10322
10460
23218
21069
10061
13643
4101
12420
11894
4940
10049
12381
24802
4091
2405
24164
4870
546
7376
2513
6916
24159
24163
11897
2499
13631
12339
22628
13583
7592
1113
1117
20423
23264
10436
6108
8954
24307
1844
8957
10370
3773
6388
4964
4989
12893
25131
13387
25077
1119
12265
6787
10378
7399
577
6394
9097
4943
24165
636
4869
1123
20149
4736
24175
12500
24749
13608
7128
13663
4712
6129
23401
6184
20564
20704
12470
7392
3793
23372
13072
13361
9944
2503
2936
1757
10043
9070
11901
3769
20131
10824
12414
10057
20169
13607
13366
6139
24751
13584
10837
12315
12327
12331
12492
20199
5026
23392
6654
24806
1035
7364
4757
12508
8952
12235
2607
13547
13595
23303
22242
9055
23632
22327
23398