13590
6920
13589
11860
25084
19930
11840
13637
24760
22701
6349
23291
13261
13638
24323
12598
9644
24411
20580
11019
4107
3061
6357
4097
12391
23059
88
5557
25167
4125
11836
13368
19924
3105
13645
4127
9638
2924
25010
24758
12959
21076
630
19927
13678
626
2934
13602
9006
6790
20047
9100
13182
2904
25173
10933
1837
4117
24680
6367
2577
1846
7159
3791
4119
1061
4131
25037
10958
13677
2894
4129
2579
3107
19933
23644
20140
25163
89
25025
13132
23413
13625
13131
10839
21733
22954
13644
13378
19982
20107
6069
24313
20092
13626
19921
10552
6145
4121
24393
13129
11861
13363
23285
12896
13237
24403
12891
23288
25137
20578
20710
23093
23037
6619
13239
7114
632
19936
13613
21857
6893
21078
6377
2914
13235
4123
23389
7596
13358
19695
634
6143
20433
13286
25171
9921
6328
22234
3393
20579
13601
24878
24043
4310
6106
24003
25086
21643
9005
9073
628
10865
19967
6666
22951
13130
6147
23294
12016
13614
5345
13373