11858
7461
11092
12958
21117
7595
6922
6379
11130
20583
21736
11118
13611
11074
11103
11138
24182
10081
1580
6369
24755
23056
6629
7454
5556
6068
777
2932
9922
6347
7537
1065
19544
11088
13538
13588
11101
7460
776
11859
20041
19961
11069
13367
6151
23593
10077
10079
3391
12490
11122
22981
20086
20101
10075
11081
10554
20581
2997
24046
11140
4115
13587
19994
19997
25135
13675
24311
21855
12890
7455
11972
3060
23261
21817
13287
9099
21073
12506
19976
24321
19532
19691
10368
11072
11083
11124
10336
13665
4105
2489
13599
13600
21343
23091
10083
11099
2912
6153
6149
20712
21123
21177
13636
6330
11085
778
775
21816
13103
6720
2942
13362
2487
7459
6359
11095
7457
25083
11133
9072
8842
13548
10085
6110
23444
11126
7456
13357
11120
3799
20134
25081
24006
1063
21345
7462
4308
1059
1495
2902
8929
11974
21075
7453
13676
13553
12895
13372
12498
20582
11079
10376
13624
13612
10553
10384
24757
11076
11115
21183
7458
13377
21120
11097
13623
13635
2491
4095
11136
13543
21392
21180
13558
2922