20128
24344
3797
24305
12271
13560
22165
20122
12283
13344
12369
24168
8690
7003
24533
2930
12412
24340
19991
4906
20193
24171
19643
12486
11775
4099
11919
25071
9729
19988
25169
20119
9629
2643
74
23886
20113
24664
2978
1040
5529
6887
11826
1147
2651
25176
4166
25268
11865
24338
2982
13628
6339
6886
2983
23101
5537
4883
8682
12855
13591
12887
11784
9812
23636
24174
20568
11862
8702
2647
1506
11893
11779
2595
24397
9950
19687
19915
2587
6858
23973
10547
12359
9806
10308
8474
24158
662
12397
5527
20008
11899
11900
3333
23785
21018
12351
9764
9749
1949
25179
5531
12247
20246
9776
24034
6885
8466
25269
4978
12466
4504
24185
12299
4505
2649
4069
10312
23925
23842
1169
8915
10941
12845
4089
1157
12013
20020
9096
4931
4930
12600
8494
9791
24166
10342
10452
8928
6188
4506
8694
4511
25165
24201
2422
13223
20080
8708
8925
12430
8963
2619
13374
4732
9809
4109
4952
7594
2613
9761
12241
23921
24198
11898
22161
12353
20059
10862
23913
22121
7400
2992
6860
13070
6337
25174
24288
24527
2900
13139
9472
25272
1017
6623
8686
1145
10456
2989
23841
20773
9794
4904
4928
24872
4880
21859
22179
6128
9814
7124
25001
10454
23919
7534
11895
2633
13379
24444
5014
13199
10350
1159
10392
20571
8961
4513
13281
1046
4929
3755
11778
8482
740
21063
6392
4302
2641
11990
4979
8905
13369
10374
8964
21298
20269
4551
10302
20178
12245
2986
2673
24203
10286
1038
20838
22187
3327
3385
19649
3751
12637
10589
23258
8472
20562
24197
8692
2665
12540
21282
4955
656
10298
23637
8706
4907
22175
12337
12221
21211
25129
8917
3486
7396
1042
12301
1149
13385
2980
1044
6862
1137
8926
19645
4724
2631
13655
13540
8950
25189
9785
6182
24192
25185
6365
20439
23255
25266
10549
25181
12367
8696
20205
9945
6400
3339
23252
23075
8962
2910
5535
11896
11776
23915
1141
21890
12455
12813
13592
5574
4070
2627
11663
21900
3329
20595
6856
4509
24167
24169
10292
8913
12428
6967
4745
5543
20146
10390
24271
13550
10304
10306
25270
9672
8903
12365
12399
3748
12211
1167
22713
10310
10828
22177
13364
4716
12417
24183
5541
12522
20023
8921
2990
24348
10296
20029
4284
13336
23917
4708
8927
6355
20116
3749
21847
12524
10836
9068
11780
9803
4510
8486
7394
23911
25183
23407
10507
20708
24172
4954
1053
4168
20792
12504
13647
8476
24162
11864
4515
6918
20572
23270
12520
2657
20053
2985
6137
24743
3753
10288
8911
12203
2979
6109
6375
12309
11664
22171
1155
10382
22183
25187
9797
8470
4882
12305
10045
12313
11665
4881
13138
7130
24200
4071
10039
24525
23971
13667
13646
2639
4502
11850
8710
4905
8484
25274
9800
22189
12434
9782
12231
8468
2635
1143
6895
12321
20026
12307
8924
21786
24745
8919
24194
8712
12323
6656
19727
8704
11777
12259
2581
1057
9770
12453
24857
25271
8949
23522
8478
5545
25275
2995
12363
19639
20125
6548
12516
25016
8901
4753
3057
1055
12311
11021
20035
11847
13579
21214
9767
25273
2994
13332
12639
12419
23639
13330
4976
23638
13137
25276
24975
2637
24173
12303
22625
11894
10051
23448
20573
20764
12355
10294
24160
20561
20032
12251
2988
21838
24164
11335
24159
25069
20266
24163
11897
1163
1165
21782
24346
13668
5547
8907
9773
8698
8959
2987
13615
2940
13338
23047
658
11282
6345
21720
24195
1025
13197
1153
20110
12293
2984
5013
13283
12856
7136
8688
10300
1050
23887
9788
4977
23840
13627
4164
8464
1037
4285
13258
8965
3341
8480
4859
24342
7112
664
1048
5533
4857
9758
25191
10290
13580
9925
12892
13343
11863
4856
24405
12457
13203
24165
24387
25267
1161
3337
2993
21266
7321
10172
11200
24419
12249
11781
4611
22159
2645
3335
23923
22185
11851
8488
24315
22173
9946
23073
23273
23888
8684
12361
9752
6382
22163
6335
12476
7917
24184
23591
19647
13545
6326
660
7319
9733
12518
23312
8492
12432
22169
6131
24370
7327
10334
2991
11901
5539
24942
11280
7323
6665
1151
4567
2920
19724
8490
3331
22689
22181
24206
4953
5525
12371
20563
21888
12319
25177
22167
579
8909
7325
7539
6547
25028
12496
9755
6621
19699
5554
22326
21778
13359
13555
13603
13140
4858
12931
21061
8700
11774
1139
9779
24170
11782
13604
12512
20095
13616
12638
10550
9069
2605
12325
10398
19641
2981
9920
12810
10548
3343
11783
21264
8960
10314
13334
24204