6398
7398
2671
20576
1097
4994
20418
3478
4087
23892
24168
20187
6130
20567
24832
25133
2493
24800
24018
13610
24668
648
13380
24391
20424
12484
8840
20416
4751
4949
22353
10822
22328
12207
24820
6752
12387
20172
9923
8995
10402
13586
23981
10346
11893
23249
4947
24678
13115
4103
12209
11834
13318
12474
7138
3476
10410
23848
20190
4898
8993
11856
24158
21304
11899
10372
11900
1845
20842
6067
5052
11022
4093
6353
1011
8997
24040
6107
4875
12227
23894
10396
12462
6655
4504
4505
9098
6625
1075
11830
4069
652
13598
6324
9676
21024
6187
24166
646
20706
25022
13112
19979
13375
23267
8991
3475
1087
10430
1071
24828
5042
13561
5046
9642
23246
11898
12239
24836
12815
12395
2609
13285
5040
12217
10434
7593
21070
21851
10555
11895
1835
4973
12341
540
12285
1081
6786
4722
12295
7382
4971
2625
25080
10426
5036
10338
10406
4922
12415
13073
24808
1073
6627
23095
10063
3479
4714
6809
13288
1033
1091
4925
22717
24812
4995
12333
5038
21072
1095
24176
2495
20844
6386
23979
1085
2655
12447
13640
12443
4180
11896
9636
23893
1093
7116
4070
1089
13609
4509
12349
24167
10067
24876
1077
4113
20442
12510
12195
23789
13633
20577
6404
12459
20137
3474
23318
4972
428
13622
3389
4585
12267
2593
426
4510
10035
12383
2497
6406
6185
10394
1067
24180
25007
654
23846
24162
20565
7126
24754
12345
548
2908
4874
5048
538
10438
13597
23306
13673
20520
10041
2898
20202
12279
10468
13551
285
4996
12255
12494
20575
10388
4877
24421
7384
2938
7378
4948
20796
10047
12464
12329
10418
4924
7366
10055
6363
23242
544
24179
2601
1083
20175
12889
1079
3795
24752
2585
19693
20044
13114
20777
13664
12812
13674
24401
4738
1069
12229
10956
10864
6396
12894
10940
10340
23634
19964
24804
20599
11894
23053
12219
24816
3473
5555
24164
546
13113
24159
7368
24163
11897
6373
24024
5044
8994
12957
4759
12482
3477
24796
24840
12317
23847
6108
13634
7380
6390
20429
12416
13360
12015
23339
13365
23635
7132
22698
650
13546
542
6343
6787
3472
13370
4300
4997
1013
10380
4970
12472
24294
3480
7386
24319
24165
10838
12237
24190
23384
13389
10422
20426
10414
23646
13621
23633
10466
4730
13260
2918
20089
6924
2928
9678
4876
3485
24824
10332
3483
12421
2663
4900
13541
8996
6135
4899
24409
25078
1099
11901
1015
10824
4901
4946
2617
11857
12502
5050
25034
3059
24012
20199
6141
20422
9071
5576
13641
13556
13585
24309
10059
4923
12289
23303
8992
7388
10464
12445
20104
6181