2558
20789
21134
13126
11982
21132
19538
2556
6575
20790
1643
12603
22975
25260
773
1639
11869
23943
20788
21138
2564
12785
20787
13125
11986
25252
11984
1641
12692
20657
19710
25246
2568
6583
11770
11772
12691
2566
20005
23595
11870
21752
2570
2560
2572
21268
21081
24736
2552
11773
21140
21126
23185
23624
6733
11867
21136
25264
6731
11014
21739
21087
11871
25262
6737
20017
20655
12601
2554
2550
11873
24844
13127
21129
13128
19550
12605
21084
25258
25256
9104
11771
1645
13202
6465
11868
11980
25248
4657
1637
11872
20786
6735
25193
7927
11988
4202
11866
2562
24731
25254
1635