22151
3844
6231
7342
24137
7360
6235
22257
8847
3842
22139
1171
1185
12223
8716
20196
6261
12233
3122
12829
22244
22133
12817
8750
6524
8736
24378
12821
23991
11763
20152
2667
8734
11761
23191
3840
7334
4234
4231
11022
8754
22003
8714
11766
8772
6219
8768
6233
6257
20181
6894
1187
24127
11019
2890
2589
8762
6269
6249
7336
25042
20272
8744
24380
7338
6227
2611
12610
24382
25044
6239
8844
8722
10880
12213
6241
24428
24136
12291
1189
4507
23652
1193
10878
4512
7346
20166
7356
3758
13119
20714
9704
8742
12825
23194
22127
1197
12243
8726
7332
12806
6251
8748
22284
11769
23597
8850
4229
6273
22145
1191
12478
6247
4156
13681
8760
22272
12611
22278
3839
1183
6223
11020
23197
12609
20716
4232
12831
22155
1201
4227
12335
24430
8724
8845
8738
8764
10881
8732
22275
3488
21895
6255
22131
6263
6215
1175
6253
8756
8720
11765
25054
6633
19722
12607
23200
8746
10877
9731
12418
2675
7354
7348
21695
10882
21633
11768
8776
4228
8849
11284
21634
6277
4072
3843
10352
10879
8740
13117
12281
11767
21000
22157
1177
4225
8752
1540
4226
8848
6221
22002
24186
22251
24384
24140
6275
7676
8718
1179
8856
22254
22141
8758
8846
21760
22135
23230
24431
23993
11924
24138
11760
22260
11021
24325
24161
12954
13118
7350
22266
7340
7358
11926
2603
23599
6279
25050
8766
1173
24141
22263
22322
8728
23203
22147
23642
1195
2659
6243
2629
4230
6237
23188
24266
6889
13660
6225
6245
6217
11762
6271
24142
1181
2597
4233
12468
6631
12608
6265
7352
25046
2621
22129
11283
20846
22143
6229
1199
22137
3841
6259
11764
10826
8774
7344
22281
12807
8730
22269
12612
22149
25048
13120
12488
24723
22153
24143
25052
5609
6267
8770
11710
24139