3757
6595
12000
21031
10582
21198
1371
20727
1305
1395
24424
24792
2462
5629
1391
20056
11889
22622
812
8970
13143
21539
22743
7443
1405
11412
6125
7451
20407
6605
9176
1211
13109
25013
23363
9013
7170
20785
7445
13144
13141
4037
1409
11233
9092
1205
22613
8660
19912
8872
23820
6779
6523
11709
3093
13108
1327
13110
9091
24697
806
1231
23279
23823
8674
814
12379
1341
1353
22542
11381
23613
4170
6562
8876
6412
11230
20736
7645
11892
13142
8668
8678
21206
8658
1333
1207
1291
3691
11409
23821
7639
5633
9177
1219
865
805
10033
11400
2476
1337
7642
6613
11959
6897
1401
11061
13576
2416
4599
1381
1217
23653
23611
24422
1293
22666
20405
20733
1355
22555
6408
8650
20849
12377
20739
5628
21646
4039
8656
863
10129
13079
21009
2464
871
1428
801
23680
21200
24539
21012
11905
7641
7441
12199
20000
22810
6525
817
1430
13111
11396
13241
12773
5688
12389
5670
19675
23122
13269
20560
20257
23330
10023
24144
11389
20243
5630
815
1325
1233
975
875
5636
811
8971
24551
22545
6773
1281
1393
1349
6607
21255
23863
11706
24537
12422
12263
11787
11720
1347
6522
5638
804
869
22323
13328
6127
20553
23995
12275
5692
3094
8841
11417
1265
1367
22814
22842
6914
4710
24417
1385
11373
23673
7409
7435
23620
7447
810
11037
6777
5654
9179
8680
6418
22636
22368
22370
11416
20263
1345
1375
7640
21276
5690
22812
20402
11705
22734
2402
20431
13267
21033
5641
1403
278
24423
1383
11410
22731
11920
867
6746
6591
22324
11231
11414
11234
7433
8672
24699
10440
20720
1277
4863
872
1339
6313
4675
10501
11393
1223
1343
11719
1215
20556
24395
10010
1303
5639
23822
11386
13243
11371
22398
22433
10487
7141
4565
8662
5672
6527
5018
4068
8874
24727
873
1377
20260
1351
23628
1229
7647
5656
2952
1209
11375
6589
800
21209
11407
11167
1389
22817
23677
1369
2468
12297
5662
1407
6593
866
20249
5631
22740
11377
5696
3899
1420
1289
11721
24693
2417
5678
5668
24425
20552
816
12658
21059
7449
22288
1323
808
22808
23458
12426
7648
13242
6317
1299
20251
11382
6315
1387
21028
1267
5665
1365
5632
10024
4566
1285
6745
813
12797
10444
876
22719
7671
22481
12774
4151
8676
12796
12006
6126
22737
1225
1321
22806
803
22296
23675
5657
23907
7142
1213
1271
24157
6910
10034
10442
12439
4587
772
6563
5694
5676
3054
8652
23615
2961
11711
11395
7140
870
9181
11388
2470
5640
22846
24000
11398
35
22292
8968
1357
9174
21742
6420
1329
1295
2472
11405
23332
5637
1422
1397
21006
5634
12899
21207
22552
11907
8664
868
22816
5680
5700
7437
6912
24219
10583
10581
21902
5698
5674
4503
4862
22844
20014
20590
11403
23682
11369
9185
9084
4178
6416
802
8670
5663
732
8967
1399
23276
12904
1287
22516
20554
8969
1424
8654
2474
11902
7806
1221
6778
10156
6776
10584
22647
8666
11259
13265
746
6541
6774
23334
23626
1361
1273
25056
23601
667
807
3053
11789
4865
11379
23861
5016
1227
5659
1373
1331
11384
20406
6603
2963
5661
5666
3689
747
11891
11165
11785
7644
1363
5660
11391
6908
7673
22840
767
1335
20730
9093
809
7646
6410
11402
23764
874
24413
24181
13244
1379
837
5658
24617
23619
2466
2415
1432
1279
6601
5608
6611
20781
23862
6775
1275
1297
10491
20161
4508
22316
24880
12373
23997
5655
864
23360
1426
20011
5686
8880
8878
2460
22435
13271
22978
1301
1269
1283
6597
9183
5682
11998
23762
7807
20779
7643
12375
4600
8966
5664
5635
22804
10150
7808
6414
23528
24695
9703
1203
1359
12795
1434
11707
23342
20254
6739
23864
23617
5667
11419
7675
4086
4864
11367
22634
11791